FIRST-MOVE              
1 39439U 13066Z   18335.28156008  .00000456  00000-0  62450-4 0  9990
2 39439  97.5821 354.3269 0064752 330.0659  29.6858 14.81651423271412
MOVE-II                 
1 99990U          18336.80207743  .00000000  00000-0  00000-0 0 00000
2 99990 097.6086 043.8512 0002037 157.8126 123.2541 15.01184630013278
JY1Sat                  
1 50001U 18001A   18336.77000000  .00000000  00000-0  30100-5 0  9990
2 50001 97.7750   45.6500 0012840 330.5234 142.2700 15.00250000    18
ISL                     
1 43751U 18097A   18336.80207743 0.00000000  00000-0  00000-0 0  9997
2 43751  97.6946  45.6415 0015490 281.7112 359.5728 14.96460096    03
