0 RAPIDEYE 2
1 33312U 08040A   18348.78820479  .00000073  00000-0  16389-4 0  9994
2 33312  97.7693  58.7104 0013218  22.8436 337.3366 14.79913216556066
0 RAPIDEYE 5
1 33313U 08040B   18348.74390551  .00000034  00000-0  11200-4 0  9998
2 33313  97.7781  57.3297 0015207 251.3536 108.6018 14.79914108556001
0 RAPIDEYE 1
1 33314U 08040C   18348.79981346  .00000054  00000-0  13911-4 0  9995
2 33314  97.7707  58.4585 0024822  33.1936 327.0822 14.79916571556056
0 RAPIDEYE 3
1 33315U 08040D   18348.83594387  .00000072  00000-0  16297-4 0  9996
2 33315  97.7804  57.2706 0011485 334.7277  25.3370 14.79912936556020
0 RAPIDEYE 4
1 33316U 08040E   18348.75609631  .00000035  00000-0  11306-4 0  9992
2 33316  97.7837  56.9813 0009851 273.6419  86.3665 14.79910979556002
0 DOVE 2
1 39132U 13015C   18348.39320059  .00000290  00000-0  30901-4 0  9991
2 39132  64.8762 346.3339 0003751 244.0208 223.6655 15.07155351310646
0 SKYSAT 1
1 39418U 13066C   18348.78421508  .00000794  00000-0  70667-4 0  9990
2 39418  97.6627  68.9335 0019404 248.4206 111.4933 14.98763802276793
0 DOVE 3
1 39429U 13066P   18348.82131494  .00000318  00000-0  64279-4 0  9993
2 39429  97.7133 316.3779 0147475 107.9126 253.8227 14.60864058269760
0 DOVE 4
1 39434U 13066U   18348.84889954  .00001328  00000-0  98316-4 0  9993
2 39434  97.6020  61.7552 0034467 111.0183 249.4723 15.04403162276815
0 FLOCK 1C 10
1 40023U 14033P   18347.73638132  .00000579  00000-0  66677-4 0  9993
2 40023  97.9197 265.1441 0012033 321.3782  38.6574 14.89509786243549
0 FLOCK 1C 7
1 40026U 14033S   18348.75807577  .00000510  00000-0  58413-4 0  9994
2 40026  97.9241 267.7062 0010273 313.3959  46.6402 14.90260002243771
0 FLOCK 1C 1
1 40027U 14033T   18348.21996632  .00000505  00000-0  58843-4 0  9998
2 40027  97.9221 266.0344 0011874 316.8736  43.1550 14.89567401243625
0 FLOCK 1C 2
1 40029U 14033V   18348.84194871  .00000578  00000-0  66443-4 0  9999
2 40029  97.9210 266.4751 0013085 312.4159  47.5951 14.89606404243718
0 FLOCK 1C 4
1 40031U 14033X   18348.19437708  .00000412  00000-0  49493-4 0  9992
2 40031  97.9214 265.6497 0013585 310.5916  49.4118 14.89300583243599
0 FLOCK 1C 11
1 40033U 14033Z   18347.73483910  .00000351  00000-0  41610-4 0  9994
2 40033  97.9271 268.0274 0010940 303.0646  56.9521 14.90698295243697
0 FLOCK 1C 9
1 40035U 14033AB  18348.20982648  .00000545  00000-0  62941-4 0  9996
2 40035  97.9250 266.4739 0010795 305.5837  54.4373 14.89648050243624
0 FLOCK 1C 6
1 40036U 14033AC  18348.32679552  .00000619  00000-0  70473-4 0  9998
2 40036  97.9267 266.9743 0010961 305.7791  54.2407 14.89752214243656
0 FLOCK 1C 5
1 40038U 14033AE  18348.74687057  .00000505  00000-0  58681-4 0  9996
2 40038  97.9244 267.0528 0013105 302.8368  57.1587 14.89721870243719
0 FLOCK 1C 8
1 40040U 14033AG  18348.76545157  .00000390  00000-0  44658-4 0  9996
2 40040  97.9356 271.2859 0011419 284.1789  75.8160 14.91635348243941
0 FLOCK 1C 3
1 40041U 14033AH  18348.75672992  .00000395  00000-0  47566-4 0  9990
2 40041  97.9233 266.5736 0011946 301.9260  58.0794 14.89387207243675
0 SKYSAT 2
1 40072U 14037D   18348.87762863  .00000090  00000-0  19056-4 0  9993
2 40072  98.3983 128.5619 0007132  99.0007 261.2024 14.81135956239751
0 SKYSAT C1
1 41601U 16040C   18348.86344421 -.00034708  00000-0 -14782-2 0  9997
2 41601  97.5536  64.1267 0002134  78.3589  56.5882 15.23067194137772
0 FLOCK 2P 6
1 41606U 16040H   18348.84277278  .00001331  00000-0  56223-4 0  9997
2 41606  97.3942  51.2242 0009128 324.6155  35.4476 15.24988364137803
0 FLOCK 2P 11
1 41608U 16040K   18348.82092525  .00002299  00000-0  93651-4 0  9997
2 41608  97.3928  51.1926 0008906 323.2122  36.8504 15.25470212137748
0 FLOCK 2P 2
1 41609U 16040L   18348.80189695  .00001088  00000-0  46548-4 0  9999
2 41609  97.3942  51.1320 0009143 324.4332  35.6296 15.24919735137712
0 FLOCK 2P 9
1 41610U 16040M   18347.76480004 +.00001254 +00000-0 +53284-4 0  9993
2 41610 097.3940 050.0476 0009595 327.3571 032.7072 15.24892405137433
0 FLOCK 2P 4
1 41611U 16040N   18348.16435398  .00001801  00000-0  74438-4 0  9997
2 41611  97.3966  50.8890 0009439 336.1777  23.9023 15.25252474137663
0 FLOCK 2P 10
1 41612U 16040P   18348.15552705  .00001221  00000-0  51797-4 0  9998
2 41612  97.3975  50.9639 0009545 337.3333  22.7482 15.24979519137666
0 FLOCK 2P 8
1 41613U 16040Q   18348.77436929  .00001111  00000-0  47511-4 0  9993
2 41613  97.3969  51.4595 0009690 333.7442  26.3304 15.24906563137751
0 FLOCK 2P 12
1 41614U 16040R   18348.47190116  .00001046  00000-0  44873-4 0  9991
2 41614  97.3981  51.3747 0009483 335.7303  24.3487 15.24906439137710
0 FLOCK 2P 7
1 41615U 16040S   18347.85324072  .00002040  00000-0  83852-4 0  9998
2 41615  97.3954  50.5166 0009308 337.9941  22.0896 15.25294291137610
0 FLOCK 2P 5
1 41616U 16040T   18348.15667000  .00001291  00000-0  54769-4 0  9996
2 41616  97.3981  51.0349 0009374 336.5863  23.4947 15.24894066137641
0 FLOCK 2P 1
1 41617U 16040U   18348.17216133  .00002416  00000-0  99591-4 0  9998
2 41617  97.3980  51.0465 0009365 335.7520  24.3276 15.25012329137663
0 FLOCK 2P 3
1 41618U 16040V   18348.82728451  .00001089  00000-0  46602-4 0  9992
2 41618  97.3983  51.6648 0009192 334.3617  25.7164 15.24914375137769
0 SKYSAT C4
1 41771U 16058B   18348.21570228  .00000548  00000-0  26123-4 0  9996
2 41771  97.4217  56.6957 0001242  76.5428 346.8427 15.23218036124621
0 SKYSAT C5
1 41772U 16058C   18348.76398701  .00000676  00000-0  31503-4 0  9991
2 41772  97.4232  56.8279 0002003  61.3537  55.3937 15.23270143124699
0 SKYSAT C2
1 41773U 16058D   18348.79116604  .00000506  00000-0  24342-4 0  9990
2 41773  97.4248  57.3753 0001308  75.1394  46.2682 15.23199416124702
0 SKYSAT C3
1 41774U 16058E   18348.80379582  .00000369  00000-0  18563-4 0  9994
2 41774  97.4253  57.3650 0001401  99.8314  17.9523 15.23174820124705
0 FLOCK 3P 20
1 41950U 17008C   18347.85346803 +.00001211 +00000-0 +51447-4 0  9995
2 41950 097.4302 051.4503 0010686 082.9930 277.2523 15.24939067101484
0 FLOCK 3P 8
1 41951U 17008D   18348.17655185  .00000913  00000-0  39583-4 0  9993
2 41951  97.4303  51.8125 0009783  81.5889 278.6458 15.24894050101523
0 FLOCK 3P 51
1 41952U 17008E   18347.81474419  .00001295  00000-0  54909-4 0  9996
2 41952  97.4310  51.5867 0009736  97.3361 262.8983 15.24894710101475
0 FLOCK 3P 37
1 41953U 17008F   18348.46484036  .00001949  00000-0  78455-4 0  9993
2 41953  97.4312  52.8423 0008846  99.1677 261.0562 15.26064610101611
0 FLOCK 3P 19
1 41955U 17008H   18347.73014295  .00001322  00000-0  55975-4 0  9997
2 41955  97.4298  51.2995 0010526  82.4588 277.7845 15.24913991101382
0 FLOCK 3P 24
1 41956U 17008J   18348.47950248  .00002331  00000-0  93182-4 0  9990
2 41956  97.4288  52.3930 0009937  76.9878 283.2470 15.26085217101601
0 FLOCK 3P 18
1 41957U 17008K   18348.47309725  .00001846  00000-0  75273-4 0  9990
2 41957  97.4284  52.2473 0010230  79.2693 280.9697 15.25681748101434
0 FLOCK 3P 22
1 41958U 17008L   18348.83999941  .00002246  00000-0  91795-4 0  9998
2 41958  97.4303  52.4397 0010015  78.9530 281.2833 15.25380161101465
0 FLOCK 3P 21
1 41959U 17008M   18348.84477478  .00001847  00000-0  76427-4 0  9997
2 41959  97.4307  52.4844 0010020  80.3260 279.9109 15.25182252101472
0 FLOCK 3P 28
1 41960U 17008N   18347.85614996  .00001008  00000-0  43358-4 0  9993
2 41960  97.4305  51.4847 0010010  81.5320 278.7051 15.24903960101405
0 FLOCK 3P 26
1 41961U 17008P   18347.81640950 +.00002151 +00000-0 +88016-4 0  9999
2 41961 097.4300 051.5214 0010037 081.6181 278.6194 15.25387196101321
0 FLOCK 3P 17
1 41962U 17008Q   18348.47496603  .00001864  00000-0  76014-4 0  9992
2 41962  97.4292  52.3074 0009553  81.0295 279.2024 15.25664080101381
0 FLOCK 3P 27
1 41963U 17008R   18348.16085832  .00001932  00000-0  79394-4 0  9997
2 41963  97.4299  51.8267 0010072  80.7655 279.4722 15.25358411101375
0 FLOCK 3P 25
1 41964U 17008S   18347.84007211  .00002414  00000-0  98880-4 0  9994
2 41964  97.4298  51.4813 0010067  80.9009 279.3367 15.25232591101304
0 FLOCK 3P 4
1 41965U 17008T   18348.77150482  .00000947  00000-0  40943-4 0  9993
2 41965  97.4302  52.3956 0009948  79.7529 280.4830 15.24892164101549
0 FLOCK 3P 2
1 41966U 17008U   18347.78849912  .00001394  00000-0  58894-4 0  9998
2 41966  97.4308  51.4410 0009824  81.3093 278.9257 15.24886297101319
0 FLOCK 3P 1
1 41967U 17008V   18348.45483378  .00002249  00000-0  91835-4 0  9996
2 41967  97.4303  52.0807 0009655  81.1014 279.1317 15.25406868101419
0 FLOCK 3P 3
1 41968U 17008W   18348.77655464  .00000874  00000-0  37949-4 0  9997
2 41968  97.4301  52.3819 0009890  79.0771 281.1579 15.24929857101455
0 FLOCK 3P 6
1 41969U 17008X   18348.76955125  .00000946  00000-0  40902-4 0  9997
2 41969  97.4305  52.4188 0009674  78.7938 281.4386 15.24899206101454
0 FLOCK 3P 7
1 41970U 17008Y   18348.73600301  .00002200  00000-0  89058-4 0  9999
2 41970  97.4300  52.6156 0009673  81.3230 278.9104 15.25723495101469
0 FLOCK 3P 5
1 41971U 17008Z   18347.83335541  .00001967  00000-0  81193-4 0  9992
2 41971  97.4306  51.5539 0009720  84.1279 276.1067 15.25197810101257
0 FLOCK 3P 12
1 41972U 17008AA  18347.84648480  .00000994  00000-0  42819-4 0  9994
2 41972  97.4307  51.5235 0009649  84.0960 276.1377 15.24903554101408
0 FLOCK 3P 9
1 41973U 17008AB  18348.17801375  .00000895  00000-0  38856-4 0  9992
2 41973  97.4309  51.8584 0009753  81.3756 278.8586 15.24896292101456
0 FLOCK 3P 10
1 41974U 17008AC  18348.85544149  .00001040  00000-0  44249-4 0  9997
2 41974  97.4310  52.6452 0009336  80.0135 280.2156 15.25210859101445
0 FLOCK 3P 11
1 41975U 17008AD  18347.85206626  .00000914  00000-0  39621-4 0  9999
2 41975  97.4308  51.5289 0009867  82.8169 277.4190 15.24897350101177
0 FLOCK 3P 60
1 41976U 17008AE  18348.80948930  .00001405  00000-0  59326-4 0  9997
2 41976  97.4313  52.5692 0009471  81.5613 278.6698 15.24896527100804
0 FLOCK 3P 58
1 41977U 17008AF  18348.17598111  .00001389  00000-0  58701-4 0  9997
2 41977  97.4308  51.8568 0009566  82.8677 277.3648 15.24898756101530
0 FLOCK 3P 57
1 41978U 17008AG  18348.88905203  .00000916  00000-0  39670-4 0  9999
2 41978  97.4308  52.5859 0009575  79.4829 280.7487 15.24905094101480
0 FLOCK 3P 75
1 41979U 17008AH  18347.83851937  .00001547  00000-0  65011-4 0  9997
2 41979  97.4332  51.7461 0009719  85.6167 274.6181 15.24907358101479
0 FLOCK 3P 70
1 41980U 17008AJ  18348.88747850  .00001355  00000-0  57326-4 0  9990
2 41980  97.4334  52.7980 0009630  82.0813 278.1517 15.24906724101479
0 FLOCK 3P 73
1 41981U 17008AK  18347.82947301  .00002328  00000-0  95489-4 0  9990
2 41981  97.4331  51.7703 0009805  86.1076 274.1283 15.25223273101455
0 FLOCK 3P 88
1 41982U 17008AL  18348.83651968  .00001838  00000-0  75616-4 0  9999
2 41982  97.4327  52.8385 0009559  82.1005 278.1318 15.25389001100581
0 FLOCK 3P 85
1 41983U 17008AM  18348.15900790  .00001549  00000-0  64178-4 0  9995
2 41983  97.4331  52.2366 0009478  86.9404 273.2918 15.25392448101385
0 FLOCK 3P 79
1 41984U 17008AN  18348.47561993  .00001365  00000-0  57739-4 0  9990
2 41984  97.4334  52.4288 0009506  85.4709 274.7615 15.24893603101421
0 FLOCK 3P 86
1 41985U 17008AP  18348.14969573  .00001364  00000-0  57714-4 0  9993
2 41985  97.4334  52.0960 0009414  86.2365 273.9949 15.24893840101367
0 FLOCK 3P 36
1 41986U 17008AQ  18348.47914482  .00000942  00000-0  40765-4 0  9998
2 41986  97.4317  52.2690 0009287  82.8266 277.4028 15.24890480100904
0 FLOCK 3P 30
1 41987U 17008AR  18348.46859008  .00001302  00000-0  55202-4 0  9993
2 41987  97.4316  52.2766 0009068  84.7441 275.4832 15.24901993101376
0 FLOCK 3P 34
1 41988U 17008AS  18348.81109848  .00000992  00000-0  42739-4 0  9998
2 41988  97.4311  52.5480 0009232  80.1600 280.0680 15.24893901100953
0 FLOCK 3P 35
1 41989U 17008AT  18348.47254241  .00001466  00000-0  61412-4 0  9995
2 41989  97.4312  52.2283 0009130  80.8046 279.4224 15.25103431100905
0 FLOCK 3P 33
1 41990U 17008AU  18348.41439734  .00000888  00000-0  38566-4 0  9994
2 41990  97.4311  52.1663 0009088  82.3123 277.9147 15.24898838100898
0 FLOCK 3P 49
1 42001U 17008BF  18348.85842907  .00001131  00000-0  48276-4 0  9997
2 42001  97.4312  52.6509 0009757  95.8814 264.3536 15.24924349101481
0 FLOCK 3P 67
1 42002U 17008BG  18347.85787126  .00002058  00000-0  83850-4 0  9994
2 42002  97.4307  51.8261 0009482  97.7762 262.4553 15.25583737101504
0 FLOCK 3P 68
1 42003U 17008BH  18348.14438502  .00001047  00000-0  44942-4 0  9995
2 42003  97.4309  51.8964 0009817  95.8987 264.3370 15.24907058101173
0 FLOCK 3P 41
1 42004U 17008BJ  18348.81941995  .00002064  00000-0  84530-4 0  9992
2 42004  97.4309  52.6741 0009543  95.4713 264.7614 15.25400634101472
0 FLOCK 3P 45
1 42005U 17008BK  18348.50460138  .00001891  00000-0  77204-4 0  9991
2 42005  97.4307  52.4902 0009362  97.0387 263.1916 15.25611972101592
0 FLOCK 3P 48
1 42006U 17008BL  18348.79149826  .00001331  00000-0  56368-4 0  9998
2 42006  97.4316  52.6018 0009515  96.9364 263.2956 15.24900866101414
0 FLOCK 3P 43
1 42007U 17008BM  18348.43140601  .00001613  00000-0  67531-4 0  9999
2 42007  97.4316  52.1593 0009269  98.8575 261.3713 15.24980821101564
0 FLOCK 3P 42
1 42008U 17008BN  18348.85434999  .00001021  00000-0  43888-4 0  9994
2 42008  97.4308  52.6180 0009522  96.6620 263.5702 15.24917216101562
0 FLOCK 3P 61
1 42009U 17008BP  18348.46002916  .00000900  00000-0  39066-4 0  9990
2 42009  97.4311  52.2446 0009454  99.2057 261.0250 15.24896570101554
0 FLOCK 3P 40
1 42010U 17008BQ  18348.19324699  .00001405  00000-0  59334-4 0  9998
2 42010  97.4304  51.9352 0009345 101.3823 258.8465 15.24902758100776
0 FLOCK 3P 16
1 42011U 17008BR  18348.77369430  .00000721  00000-0  31893-4 0  9995
2 42011  97.4301  52.5319 0009036  99.2993 260.9267 15.24863815100802
0 FLOCK 3P 14
1 42012U 17008BS  18347.75957009  .00000869  00000-0  37558-4 0  9995
2 42012  97.4319  51.6808 0009014 104.2198 256.0042 15.25106629101278
0 FLOCK 3P 53
1 42013U 17008BT  18347.83616512  .00001860  00000-0  77408-4 0  9996
2 42013  97.4303  51.6280 0008985 102.8929 257.3312 15.24985584101287
0 FLOCK 3P 54
1 42014U 17008BU  18347.72981193  .00001334  00000-0  56472-4 0  9999
2 42014  97.4307  51.5017 0009026 103.6313 256.5931 15.24900266101431
0 FLOCK 3P 23
1 42018U 17008BY  18347.72818901  .00000996  00000-0  42868-4 0  9996
2 42018  97.4301  51.3147 0010164  81.4198 278.8191 15.24907033100231
0 FLOCK 3P 76
1 42019U 17008BZ  18348.48483520  .00001106  00000-0  47313-4 0  9990
2 42019  97.4338  52.4416 0009817  84.3173 275.9183 15.24900042101414
0 FLOCK 3P 69
1 42020U 17008CA  18348.15441657  .00001137  00000-0  48550-4 0  9999
2 42020  97.4334  52.1114 0009735  84.2872 275.9475 15.24905066100254
0 FLOCK 3P 84
1 42021U 17008CB  18348.16455270  .00001493  00000-0  62876-4 0  9999
2 42021  97.4331  52.0598 0009928  84.3050 275.9319 15.24899495101379
0 FLOCK 3P 59
1 42022U 17008CC  18347.82957280  .00001864  00000-0  76367-4 0  9992
2 42022  97.4304  51.7037 0009284  85.3788 274.8510 15.25525180100354
0 FLOCK 3P 32
1 42023U 17008CD  18347.77420264  .00001064  00000-0  45637-4 0  9992
2 42023  97.4308  51.4819 0009492  82.7992 277.4324 15.24904861101475
0 FLOCK 3P 71
1 42024U 17008CE  18348.45376166  .00002191  00000-0  89240-4 0  9990
2 42024  97.4320  52.4404 0009693  85.0456 275.1889 15.25514530100454
0 FLOCK 3P 77
1 42025U 17008CF  18348.15810564  .00001018  00000-0  43819-4 0  9992
2 42025  97.4334  52.0896 0009676  85.7317 274.5026 15.24874000101373
0 FLOCK 3P 80
1 42026U 17008CG  18347.73685459  .00000979  00000-0  42239-4 0  9999
2 42026  97.4333  51.7226 0009374  87.4309 272.8001 15.24900949 99452
0 FLOCK 3P 66
1 42027U 17008CH  18348.79954948  .00001061  00000-0  45481-4 0  9994
2 42027  97.4311  52.5750 0009834  93.8155 266.4208 15.24910720101585
0 FLOCK 3P 65
1 42028U 17008CJ  18347.81356952  .00000915  00000-0  39657-4 0  9993
2 42028  97.4314  51.6056 0009694  97.1158 263.1183 15.24894428101337
0 FLOCK 3P 50
1 42029U 17008CK  18348.79463388  .00000926  00000-0  40095-4 0  9994
2 42029  97.4316  52.6096 0009575  95.6540 264.5789 15.24898106100806
0 FLOCK 3P 52
1 42030U 17008CL  18347.74537277 +.00001061 +00000-0 +45511-4 0  9998
2 42030 097.4314 051.5351 0009628 098.4800 261.7529 15.24907728101417
0 FLOCK 3P 46
1 42031U 17008CM  18347.87147333  .00001351  00000-0  57175-4 0  9994
2 42031  97.4306  51.6413 0009563  98.7977 261.4344 15.24900919101467
0 FLOCK 3P 47
1 42032U 17008CN  18348.85708754  .00001034  00000-0  44410-4 0  9990
2 42032  97.4306  52.6118 0009524  96.5175 263.7148 15.24925521101467
0 FLOCK 3P 44
1 42033U 17008CP  18347.80961597 +.00002030 +00000-0 +85122-4 0  9993
2 42033 097.4313 051.4662 0009516 102.9525 257.2776 15.24623379100043
0 FLOCK 3P 64
1 42034U 17008CQ  18348.58986557  .00001069  00000-0  45812-4 0  9996
2 42034  97.4307  52.3507 0009317  99.9142 260.3148 15.24915142101595
0 FLOCK 3P 63
1 42035U 17008CR  18348.39117505  .00001068  00000-0  45798-4 0  9997
2 42035  97.4304  52.1403 0009448 100.3426 259.8877 15.24908039 99532
0 FLOCK 3P 62
1 42036U 17008CS  18348.46017114  .00001854  00000-0  75562-4 0  9996
2 42036  97.4304  52.5222 0009254 100.4453 259.7829 15.25693619100762
0 FLOCK 3P 38
1 42037U 17008CT  18348.17247355  .00002009  00000-0  82722-4 0  9996
2 42037  97.4304  51.9892 0009021 101.2262 258.9990 15.25252610101480
0 FLOCK 3P 39
1 42038U 17008CU  18348.19043830  .00001243  00000-0  52806-4 0  9990
2 42038  97.4300  51.9234 0009215 101.2943 258.9330 15.24923465101433
0 FLOCK 3P 15
1 42039U 17008CV  18348.18626897  .00002073  00000-0  85505-4 0  9994
2 42039  97.4301  51.9562 0009164 101.5066 258.7201 15.25157030100714
0 FLOCK 3P 13
1 42040U 17008CW  18348.82781402  .00001909  00000-0  78687-4 0  9991
2 42040  97.4310  52.6740 0008992 100.0717 260.1536 15.25283647100809
0 FLOCK 3P 55
1 42041U 17008CX  18348.17090099  .00000987  00000-0  42531-4 0  9999
2 42041  97.4307  51.9959 0008920 104.6364 255.5864 15.24901022101546
0 FLOCK 3P 56
1 42042U 17008CY  18348.82092972  .00001954  00000-0  78876-4 0  9990
2 42042  97.4301  53.0765 0008676 100.6748 259.5468 15.25963815101463
0 FLOCK 3P 81
1 42043U 17008CZ  18348.80350189  .00001162  00000-0  49525-4 0  9996
2 42043  97.4333  52.7529 0009797  84.9363 275.2993 15.24927659100816
0 FLOCK 3P 87
1 42044U 17008DA  18347.83293858  .00000945  00000-0  40876-4 0  9996
2 42044  97.4328  51.7168 0009824  85.1013 275.1346 15.24877713100811
0 FLOCK 3P 29
1 42045U 17008DB  18348.81714639  .00002106  00000-0  87215-4 0  9990
2 42045  97.4309  52.5409 0009363  80.4760 279.7536 15.25000230100817
0 FLOCK 3P 82
1 42046U 17008DC  18348.85228820  .00001810  00000-0  74010-4 0  9997
2 42046  97.4326  52.9632 0009618  82.6536 277.5795 15.25617312100882
0 FLOCK 3P 78
1 42047U 17008DD  18347.82943789  .00001655  00000-0  69255-4 0  9994
2 42047  97.4329  51.7497 0009579  85.8005 274.4327 15.24964056100644
0 FLOCK 3P 74
1 42048U 17008DE  18348.17009419  .00000931  00000-0  40290-4 0  9991
2 42048  97.4335  52.0852 0010051  85.0403 275.1981 15.24893862100697
0 FLOCK 3P 31
1 42049U 17008DF  18347.84337025 +.00000970 +00000-0 +41860-4 0  9999
2 42049 097.4308 051.5453 0009670 083.8629 276.3710 15.24897146100108
0 FLOCK 3P 83
1 42050U 17008DG  18347.77916198  .00001200  00000-0  51083-4 0  9992
2 42050  97.4329  51.6508 0009963  86.5922 273.6455 15.24899500101367
0 FLOCK 3P 72
1 42051U 17008DH  18347.82887055  .00001902  00000-0  78692-4 0  9992
2 42051  97.4337  51.8056 0009404  86.4113 273.8200 15.25166119 98963
0 FLOCK 2K 03
1 42850U 17042AB  18348.34404517  .00002897  00000-0  79610-4 0  9998
2 42850  96.9600 235.6795 0010253 171.5896 188.5524 15.37928357 79319
0 FLOCK 2K 04
1 42851U 17042AC  18348.49625800  .00002746  00000-0  74336-4 0  9998
2 42851  96.9601 235.9345 0010058 173.2682 186.8702 15.38439674 79342
0 FLOCK 2K 01
1 42852U 17042AD  18348.21629922  .00003325  00000-0  91071-4 0  9997
2 42852  96.9600 235.5450 0009857 172.1589 187.9813 15.37929812 79290
0 FLOCK 2K 02
1 42853U 17042AE  18347.66330170  .00003352  00000-0  98651-4 0  9991
2 42853  96.9611 233.7377 0010704 177.7996 182.3298 15.35666668 79119
0 FLOCK 2K 47
1 42854U 17042AF  18347.75637558  .00001943  00000-0  54082-4 0  9996
2 42854  96.9601 235.1219 0009806 172.1919 187.9481 15.37920405 79226
0 FLOCK 2K 48
1 42855U 17042AG  18347.68980706  .00003362  00000-0  92051-4 0  9990
2 42855  96.9601 235.0785 0009724 172.4529 187.6865 15.37935934 79218
0 FLOCK 2K 45
1 42856U 17042AH  18348.46794385  .00001907  00000-0  53094-4 0  9991
2 42856  96.9601 235.8058 0009824 168.5572 191.5900 15.37920730 79330
0 FLOCK 2K 24
1 42857U 17042AJ  18348.47475164  .00003834  00000-0  10420-3 0  9990
2 42857  96.9599 235.6649 0009971 166.1165 194.0357 15.38075775 79320
0 FLOCK 2K 46
1 42858U 17042AK  18348.85370853  .00003351  00000-0  91333-4 0  9999
2 42858  96.9604 236.2215 0010036 165.6587 194.4946 15.38071951 79397
0 FLOCK 2K 23
1 42859U 17042AL  18348.20157418  .00003141  00000-0  86218-4 0  9992
2 42859  96.9605 235.5955 0010084 170.0700 190.0747 15.37904417 79293
0 FLOCK 2K 21
1 42860U 17042AM  18348.53001587  .00001885  00000-0  52546-4 0  9995
2 42860  96.9605 235.8939 0010008 169.0193 191.1273 15.37899515 79344
0 FLOCK 2K 22
1 42861U 17042AN  18348.22171593  .00004477  00000-0  11849-3 0  9997
2 42861  96.9612 235.7431 0009695 168.0002 192.1478 15.38813613 79307
0 FLOCK 2K 07
1 42862U 17042AP  18347.68323270  .00001732  00000-0  48433-4 0  9999
2 42862  96.9610 235.1167 0010138 172.3282 187.8121 15.37905366 79221
0 FLOCK 2K 08
1 42863U 17042AQ  18348.65498263  .00003321  00000-0  90979-4 0  9991
2 42863  96.9603 236.0193 0010218 169.8686 190.2767 15.37917580 79361
0 FLOCK 2K 05
1 42864U 17042AR  18348.49470018  .00003908  00000-0  10471-3 0  9991
2 42864  96.9606 235.9617 0009960 168.8934 191.2534 15.38508161 79344
0 FLOCK 2K 40
1 42865U 17042AS  18348.19760020  .00001890  00000-0  52685-4 0  9996
2 42865  96.9610 235.6190 0010194 171.3916 188.7507 15.37902582 79292
0 FLOCK 2K 39
1 42866U 17042AT  18348.45592127  .00002764  00000-0  76062-4 0  9993
2 42866  96.9606 235.8479 0010252 169.3994 190.7470 15.37922643 79335
0 FLOCK 2K 37
1 42867U 17042AU  18348.19376727  .00001868  00000-0  52051-4 0  9997
2 42867  96.9607 235.6121 0010342 171.0047 189.1386 15.37926749 79292
0 FLOCK 2K 38
1 42868U 17042AV  18348.45010776  .00001935  00000-0  53836-4 0  9993
2 42868  96.9606 235.8580 0010374 168.0613 192.0881 15.37930200 79338
0 FLOCK 2K 31
1 42869U 17042AW  18347.66743022  .00001848  00000-0  51527-4 0  9991
2 42869  96.9605 235.1072 0010418 169.0610 191.0865 15.37916084 79216
0 FLOCK 2K 32
1 42870U 17042AX  18348.38113884  .00001860  00000-0  51815-4 0  9994
2 42870  96.9603 235.7823 0010381 167.0032 193.1484 15.37939634 79329
0 FLOCK 2K 29
1 42871U 17042AY  18347.66371549  .00001787  00000-0  49872-4 0  9997
2 42871  96.9606 235.1228 0010475 169.1246 191.0228 15.37924547 79218
0 FLOCK 2K 30
1 42872U 17042AZ  18347.72647627  .00001914  00000-0  53254-4 0  9999
2 42872  96.9607 235.1849 0010450 169.5360 190.6105 15.37935191 79219
0 FLOCK 2K 44
1 42873U 17042BA  18348.44029165  .00001863  00000-0  51861-4 0  9996
2 42873  96.9603 235.8613 0011634 157.1269 203.0497 15.37945726 79339
0 FLOCK 2K 43
1 42874U 17042BB  18347.68290835 +.00001456 +00000-0 +44638-4 0  9998
2 42874 096.9608 233.9639 0012648 169.8271 190.3232 15.35218812079131
0 FLOCK 2K 41
1 42875U 17042BC  18348.48854709  .00001896  00000-0  52821-4 0  9995
2 42875  96.9609 235.9566 0011974 159.4244 200.7486 15.37895565 79348
0 FLOCK 2K 36
1 42876U 17042BD  18348.76408975  .00003841  00000-0  10419-3 0  9995
2 42876  96.9607 236.0609 0012040 159.5176 200.6555 15.38111962 79379
0 FLOCK 2K 35
1 42877U 17042BE  18348.43840894  .00001876  00000-0  52200-4 0  9991
2 42877  96.9609 235.8838 0011907 159.1241 201.0494 15.37939617 79330
0 FLOCK 2K 34
1 42878U 17042BF  18348.17603380  .00002011  00000-0  55804-4 0  9995
2 42878  96.9606 235.6272 0011911 161.5701 198.5979 15.37954594 79295
0 FLOCK 2K 33
1 42879U 17042BG  18347.68768018  .00005043  00000-0  13119-3 0  9991
2 42879  96.9607 235.3849 0011565 161.5700 198.5968 15.39268937 79231
0 FLOCK 2K 28
1 42880U 17042BH  18347.61811077 +.00001445 +00000-0 +44355-4 0  9999
2 42880 096.9615 233.9233 0012556 168.3080 191.8458 15.35186095079128
0 FLOCK 2K 27
1 42882U 17042BK  18348.55619940  .00003806  00000-0  10324-3 0  9991
2 42882  96.9607 235.8912 0012096 160.9433 199.2268 15.38119477 79343
0 FLOCK 2K 26
1 42883U 17042BL  18347.82116847  .00002131  00000-0  58257-4 0  9997
2 42883  96.9604 235.3522 0012151 161.5940 198.5749 15.38350626 79243
0 FLOCK 2K 25
1 42884U 17042BM  18348.17423355  .00003148  00000-0  86265-4 0  9991
2 42884  96.9606 235.6245 0011936 160.5389 199.6316 15.37936196 79295
0 FLOCK 2K 20
1 42885U 17042BN  18348.49563486  .00003788  00000-0  10327-3 0  9992
2 42885  96.9608 235.9582 0012355 158.9084 201.2674 15.37959599 79349
0 FLOCK 2K 19
1 42886U 17042BP  18348.49744846  .00001835  00000-0  51100-4 0  9990
2 42886  96.9609 235.9610 0012389 159.9086 200.2650 15.37944071 79345
0 FLOCK 2K 18
1 42887U 17042BQ  18348.54953021  .00001741  00000-0  48653-4 0  9999
2 42887  96.9610 236.0279 0012532 159.1102 201.0659 15.37902831 79359
0 FLOCK 2K 17
1 42888U 17042BR  18348.81501878  .00003735  00000-0  10148-3 0  9991
2 42888  96.9600 236.2280 0012325 156.3649 203.8166 15.38080155 79392
0 FLOCK 2K 16
1 42889U 17042BS  18348.68885029  .00001852  00000-0  51535-4 0  9994
2 42889  96.9610 236.1438 0012108 157.2676 202.9109 15.37953563 79373
0 FLOCK 2K 15
1 42890U 17042BT  18348.54767453  .00002617  00000-0  72090-4 0  9990
2 42890  96.9615 236.0745 0012433 158.0741 202.1039 15.37906435 79351
0 FLOCK 2K 13
1 42891U 17042BU  18348.54829498  .00004168  00000-0  11224-3 0  9993
2 42891  96.9618 235.9074 0012455 154.4771 205.7093 15.38287992 79344
0 FLOCK 2K 14
1 42892U 17042BV  18348.16098794  .00001896  00000-0  52827-4 0  9999
2 42892  96.9605 235.6274 0012416 158.4085 201.7687 15.37888343 79294
0 FLOCK 2K 12
1 42893U 17042BW  18347.76290053  .00001933  00000-0  53767-4 0  9993
2 42893  96.9612 235.3170 0012401 161.5728 198.5970 15.37907968 79235
0 FLOCK 2K 11
1 42894U 17042BX  18348.49061286  .00002694  00000-0  74170-4 0  9995
2 42894  96.9608 235.9647 0012419 154.7425 205.4430 15.37897642 79341
0 FLOCK 2K 10
1 42895U 17042BY  18348.54549664  .00001802  00000-0  50262-4 0  9999
2 42895  96.9605 236.0149 0012570 157.0882 203.0927 15.37903501 79357
0 FLOCK 2K 09
1 42896U 17042BZ  18348.46335050  .00002958  00000-0  78822-4 0  9998
2 42896  96.9600 236.1423 0012069 155.9818 204.1994 15.38843810 79520
0 FLOCK 2K 06
1 42897U 17042CA  18347.67099021  .00001990  00000-0  55344-4 0  9995
2 42897  96.9606 235.1192 0010386 171.3884 188.7542 15.37908205 79215
0 SKYSAT C11
1 42987U 17068A   18348.84719220  .00000482  00000-0  24390-4 0  9995
2 42987  97.4184 100.0160 0010687 144.1595 216.0360 15.21608218 62138
0 SKYSAT C10
1 42988U 17068B   18348.85528051  .00000714  00000-0  34702-4 0  9993
2 42988  97.4157  99.9298 0004697 157.3691 320.1094 15.21574638 62133
0 SKYSAT C9
1 42989U 17068C   18348.78204924  .00000692  00000-0  33686-4 0  9991
2 42989  97.4187 100.2703 0001591  95.4466  29.7258 15.21616112 62145
0 SKYSAT C8
1 42990U 17068D   18348.83442378  .00000697  00000-0  34039-4 0  9994
2 42990  97.4175 100.2088 0004700 189.8998 286.9149 15.21501367 62144
0 SKYSAT C7
1 42991U 17068E   18348.82395002  .00000709  00000-0  34490-4 0  9990
2 42991  97.4185 100.2157 0005664 201.2647 276.2539 15.21608616 62143
0 SKYSAT C6
1 42992U 17068F   18348.81436833  .00000774  00000-0  37404-4 0  9998
2 42992  97.4174 100.3912 0010772 272.1295 209.3964 15.21562865 62159
0 FLOCK 3M 1
1 42995U 17068J   18348.79801804  .00003271  00000-0  15660-3 0  9996
2 42995  97.3663  96.9250 0016419 233.5643 251.6833 15.19537411 62051
0 FLOCK 3M 3
1 42996U 17068K   18348.81076858  .00001849  00000-0  89513-4 0  9991
2 42996  97.3606  96.8051 0015471 233.2619 245.4390 15.19707503 62065
0 FLOCK 3M 4
1 42997U 17068L   18348.82300076  .00003421  00000-0  16374-3 0  9997
2 42997  97.3883  97.9771 0014413 240.3834 250.1029 15.19543107 62067
0 FLOCK 3M 2
1 42998U 17068M   18348.90822816  .00000992  00000-0  49772-4 0  9997
2 42998  97.3745  97.6123 0013787 231.6248 251.5037 15.19532144 62083
0 FLOCK 3PP 3
1 43119U 18004J   18348.17246918  .00000632  00000-0  30327-4 0  9993
2 43119  97.5149  50.9920 0010546 176.8457 183.2847 15.22527280 51096
0 FLOCK 3PP 2
1 43120U 18004K   18348.37442240  .00001299  00000-0  59126-4 0  9991
2 43120  97.5152  51.1826 0010516 176.4562 183.6751 15.22478053 51125
0 FLOCK 3PP 1
1 43121U 18004L   18347.76910080  .00001397  00000-0  62968-4 0  9993
2 43121  97.5149  50.6007 0010445 178.0844 182.0434 15.22700523 50961
0 FLOCK 3PP 4
1 43122U 18004M   18347.84704196 +.00000575 +00000-0 +27889-4 0  9992
2 43122 097.5155 050.6699 0010286 179.2383 180.8870 15.22497703051043
0 DOVE PIONEER
1 43163U 18010A   18348.52225339  .00029581 -98968-6  15686-3 0  9993
2 43163  82.9083 172.0748 0120641  75.6585 285.8035 15.70206978 51077
0 FLOCK 3R 12
1 43724U 18096F   18348.85072635  .00001106  00000-0  45816-4 0  9990
2 43724  97.4831  53.8555 0016615 267.2107 183.8847 15.25971824  2385
0 FLOCK 3R 11
1 43725U 18096G   18348.85064446  .00001212  00000-0  49916-4 0  9995
2 43725  97.4830  53.8560 0016696 266.2550 184.8531 15.25981536  2383
0 FLOCK 3R 5
1 43726U 18096H   18348.84982448  .00002339  00000-0  93394-4 0  9996
2 43726  97.4830  53.8584 0016827 268.4080 182.7231 15.26069576  2384
0 FLOCK 3R 8
1 43727U 18096J   18348.83276118  .00000726  00000-0  30947-4 0  9999
2 43727  97.4840  53.8422 0017108 269.5156  90.4122 15.26103944  2388
0 FLOCK 3R 4
1 43733U 18096Q   18348.78298075  .00002651  00000-0  10326-3 0  9993
2 43733  97.4829  53.8064 0019920 272.7153 207.7411 15.26722480  2376
0 FLOCK 3R 3
1 43734U 18096R   18348.78576647  .00002357  00000-0  92045-4 0  9990
2 43734  97.4836  53.8104 0019929 272.1523 225.2881 15.26751194  2374
0 FLOCK 3R 16
1 43735U 18096S   18348.82474232  .00001975  00000-0  77233-4 0  9990
2 43735  97.4832  53.8513 0020539 274.1212  85.7679 15.26900991  2398
0 FLOCK 3R 15
1 43736U 18096T   18348.82468878  .00001370  00000-0  54479-4 0  9996
2 43736  97.4835  53.8518 0020587 274.2467  85.6419 15.26893897  2389
0 FLOCK 3R 6
1 43741U 18096Y   18348.84498322  .00002526  00000-0  10058-3 0  9999
2 43741  97.4829  53.8523 0016885 268.8440 155.9223 15.26074580  2395
0 FLOCK 3R 7
1 43742U 18096Z   18348.85335270  .00002559  00000-0  10180-3 0  9995
2 43742  97.4835  53.8631 0016918 268.1738 203.4502 15.26090538  2382
0 FLOCK 3R 1
1 43747U 18096AE  18348.91309194  .00002164  00000-0  84724-4 0  9991
2 43747  97.4830  53.9377 0020083 273.8709 202.9877 15.26750665  2405
0 FLOCK 3R 2
1 43748U 18096AF  18348.78565903  .00002446  00000-0  95403-4 0  9998
2 43748  97.4838  53.8094 0020017 272.9166 224.2224 15.26756366  2387
0 FLOCK 3R 14
1 43749U 18096AG  18348.91145568  .00002662  00000-0  10287-3 0  9991
2 43749  97.4829  53.9402 0020678 274.0569 205.5087 15.26966072  2404
0 FLOCK 3R 13
1 43750U 18096AH  18348.84093646  .00002715  00000-0  10488-3 0  9996
2 43750  97.4825  53.8686 0020507 274.0714 178.4748 15.26968527  2395
0 FLOCK 3S 1
1 43770U 18099N   18348.86466473  .00000342  00000-0  36916-4 0  9994
2 43770  97.7678  57.9066 0013669 229.3047 130.6987 14.94636254  1663
0 SKYSAT C12
1 43797U 18099AR  18348.79059078 -.00000062  00000-0 -29859-6 0  9995
2 43797  97.7664  57.8481 0013153 227.1784 132.8332 14.95608180  1632
0 SKYSAT C13
1 43802U 18099AW  18348.86173408  .00000071  00000-0  11783-4 0  9997
2 43802  97.7672  57.9092 0010908 217.3360 142.7103 14.94965938  1354
