SCD 1                   
1 22490U 93009B   18311.52957727  .00000205  00000-0  61510-5 0  9991
2 22490  24.9710  53.2196 0042889 301.5446 155.8953 14.44536020359183
TECHSAT 1B (GO-32)      
1 25397U 98043D   18311.82802236 -.00000019  00000-0  10997-4 0  9996
2 25397  98.6631 249.9662 0001159  18.0532 342.0687 14.23654461 56168
SCD 2                   
1 25504U 98060A   18311.31931816  .00000227  00000-0  13144-4 0  9993
2 25504  24.9959 260.8625 0017095 326.6818 193.5010 14.44054015 58214
LANDSAT 7               
1 25682U 99020A   18311.75689604 -.00000141  00000-0 -21337-4 0  9990
2 25682  98.1590  19.1575 0001459 108.6788 251.4561 14.57134929 40656
DLR-TUBSAT              
1 25757U 99029B   18311.86727202 -.00000011  00000-0  86781-5 0  9991
2 25757  98.4057 228.8256 0014231 179.8781 180.2420 14.51390963 30254
TERRA                   
1 25994U 99068A   18311.77176461 -.00000145  00000-0 -22124-4 0  9991
2 25994  98.2176  24.4944 0001568  91.4975 268.6374 14.57125740  4732
MAROC-TUBSAT            
1 27004U 01056D   18311.61283747 -.00000048  00000-0 -45833-5 0  9999
2 27004  99.4334  84.3297 0020707  97.1944 326.8270 13.70131727845670
AQUA                    
1 27424U 02022A   18311.87421852  .00000096  00000-0  31269-4 0  9996
2 27424  98.2085 250.8893 0002322  31.7914  45.9332 14.57120385878355
IRS-P6 (RESOURCESAT-1)  
1 28051U 03046A   18311.70614715  .00000001  00000-0  15834-4 0  9990
2 28051  98.5423  27.3483 0057301 330.5627  29.2336 14.34155996782142
SHIYAN 1 (SY-1)         
1 28220U 04012A   18311.87028385 -.00000185  00000-0 -10051-4 0  9993
2 28220  97.7644 269.2051 0010843 248.5678 111.4389 14.99662949792659
FORMOSAT-2 (ROCSAT 2)   
1 28254U 04018A   18300.56697622 -.00000041  00000-0  72177-6 0  9995
2 28254  98.7916 349.0823 0000503  93.2527  33.3419 14.00639876738227
AURA                    
1 28376U 04026A   18311.86488282  .00000097  00000-0  31558-4 0  9990
2 28376  98.2088 253.0355 0001149  54.4329 305.6977 14.57113572761397
IRS-P5 (CARTOSAT-1)     
1 28649U 05017A   18311.87104198  .00000139  00000-0  23256-4 0  9999
2 28649  97.8098  21.6808 0001966 142.5241 217.6109 14.83476621731399
SINAH 1                 
1 28893U 05043D   18311.37488370 -.00000008  00000-0  74066-5 0  9993
2 28893  97.9431  92.1933 0015058 357.2480   2.8636 14.61487408694423
EROS B                  
1 29079U 06014A   18311.86587462  .00001729  00000-0  76139-4 0  9997
2 29079  97.4020  68.4786 0003142 166.4071 308.5630 15.23167045695778
RESURS-DK 1             
1 29228U 06021A   18311.87899632  .00000106  00000-0  15366-4 0  9990
2 29228  69.9359 243.6162 0007874 277.1821  82.8444 15.02374231684493
ARIRANG-2 (KOMPSAT-2)   
1 29268U 06031A   18311.84981074  .00000126  00000-0  34005-4 0  9997
2 29268  98.0508 204.8483 0017371 203.3532 156.6886 14.62388128655330
LAPAN-TUBSAT            
1 29709U 07001A   18311.76788310  .00000022  00000-0  92887-5 0  9992
2 29709  97.7741 274.8611 0011462 227.5246 132.4991 14.82147605639314
CARTOSAT-2 (IRS-P7)     
1 29710U 07001B   18311.85037932 -.00000241  00000-0 -26024-4 0  9995
2 29710  97.8600   8.1423 0001212  56.7236 303.4087 14.78719033638368
HAIYANG-1B              
1 31113U 07010A   18311.82488791 -.00000031  00000-0  46938-5 0  9998
2 31113  98.4905   1.5224 0014493 141.8054 218.4155 14.30210157604172
COSMO-SKYMED 1          
1 31598U 07023A   18311.86591342 -.00000085  00000-0 -40963-5 0  9992
2 31598  97.8857 133.4093 0001515  94.4611 265.6792 14.82153730617793
TERRASAR-X              
1 31698U 07026A   18311.50057822 -.00012939  00000-0 -61410-3 0  9996
2 31698  97.4464 316.9201 0001925  86.3357  66.2143 15.19146839632048
WORLDVIEW-1 (WV-1)      
1 32060U 07041A   18311.31159991  .00000800  00000-0  35421-4 0  9992
2 32060  97.3933  68.9864 0000881 125.4003 287.1584 15.24486006619669
YAOGAN 3                
1 32289U 07055A   18311.89811923 -.00000235  00000-0 -23586-4 0  9996
2 32289  98.0067 317.9434 0001677  91.6021 268.5395 14.80922916594027
COSMO-SKYMED 2          
1 32376U 07059A   18311.83212535  .00000242  00000-0  36983-4 0  9996
2 32376  97.8887 133.3763 0001342  84.7318 275.4043 14.82156655590537
RADARSAT-2              
1 32382U 07061A   18311.92764749 -.00000044  00000-0  00000+0 0  9992
2 32382  98.5767 317.1058 0001161  72.4901 345.5425 14.29984427569007
CARTOSAT-2A             
1 32783U 08021A   18311.89590274 -.00000004  00000-0  64179-5 0  9999
2 32783  97.8611   8.3550 0014343 108.4198 251.8535 14.78718102568315
JASON-2 (OSTM)          
1 33105U 08032A   18311.82808880 -.00000047  00000-0  61556-4 0  9990
2 33105  66.0386 132.7029 0007422 267.9811 184.6430 12.87627691486076
RAPIDEYE 2              
1 33312U 08040A   18311.80391225  .00000022  00000-0  95406-5 0  9991
2 33312  97.7737  22.9253 0013521 131.0760 229.1625 14.79906420550590
RAPIDEYE 5              
1 33313U 08040B   18311.75968104  .00000039  00000-0  11922-4 0  9990
2 33313  97.7828  21.5036 0017422  17.9744 342.2090 14.79907595550535
RAPIDEYE 1              
1 33314U 08040C   18311.81559271  .00000008  00000-0  77412-5 0  9992
2 33314  97.7750  22.6651 0024546 146.9241 213.3504 14.79909085550584
RAPIDEYE 3              
1 33315U 08040D   18311.85168240  .00000034  00000-0  11256-4 0  9991
2 33315  97.7852  21.4335 0013693  87.7514 272.5262 14.79906378550557
RAPIDEYE 4              
1 33316U 08040E   18311.83940735  .00000046  00000-0  12757-4 0  9997
2 33316  97.7881  21.1960 0012419  37.5438 322.6638 14.79904823550540
HUANJING 1A (HJ-1A)     
1 33320U 08041A   18311.85430464  .00000093  00000-0  20389-4 0  9990
2 33320  97.8720  11.1688 0025838 179.1172 181.0085 14.76970284547866
HUANJING 1B (HJ-1B)     
1 33321U 08041B   18311.89857003  .00000133  00000-0  25992-4 0  9997
2 33321  97.8788  12.8574 0034130 197.2743 162.7299 14.77065259547864
GEOEYE 1                
1 33331U 08042A   18311.81933643 -.00000403  00000-0 -67315-4 0  9993
2 33331  98.1230  24.7086 0010926 103.4573 256.7819 14.64257760543536
THEOS                   
1 33396U 08049A   18311.82714988  .00000029  00000-0  34208-4 0  9998
2 33396  98.7167  17.5871 0001194 102.0198   8.4835 14.20024616523665
COSMO-SKYMED 3          
1 33412U 08054A   18311.81946069  .00000416  00000-0  58785-4 0  9995
2 33412  97.8855 133.3636 0001462  95.8990 264.2394 14.82154205542996
YAOGAN 4                
1 33446U 08061A   18311.83697215  .00000078  00000-0  17842-4 0  9991
2 33446  97.6442 285.2552 0017686  88.3284 271.9953 14.76901158535094
GOSAT (IBUKI)           
1 33492U 09002A   18311.73731104 -.00000044  00000-0  61852-6 0  9999
2 33492  98.0155  63.5886 0001195  85.9058 274.2276 14.67575687524410
YAOGAN 6                
1 34839U 09021A   18311.84166516  .00000547  00000-0  23506-4 0  9996
2 34839  97.0783 342.7359 0027048 316.3990  43.5111 15.26345741530166
DEIMOS-1                
1 35681U 09041A   18311.89571889  .00000087  00000-0  21660-4 0  9990
2 35681  97.8897 195.8161 0002667 108.9262 251.2228 14.71756509497965
DUBAISAT-1              
1 35682U 09041B   18311.54777698  .00000175  00000-0  37801-4 0  9991
2 35682  97.7423 151.8467 0011170 333.6853  26.3801 14.68699419496827
OCEANSAT-2              
1 35931U 09051A   18311.51396696  .00000075  00000-0  30251-4 0  9992
2 35931  98.3054  44.6199 0003233  76.1371 284.0183 14.50861459483061
WORLDVIEW-2 (WV-2)      
1 35946U 09055A   18311.79091029 -.00000240  00000-0 -65660-4 0  9992
2 35946  98.4581  26.3506 0001091 335.6234  24.4902 14.37595213476584
SMOS                    
1 36036U 09059A   18311.72951305  .00000079  00000-0  39097-4 0  9995
2 36036  98.4432 137.1763 0001121  91.5753 268.5564 14.39762968473794
YAOGAN 7                
1 36110U 09069A   18311.86643016  .00000070  00000-0  18441-4 0  9992
2 36110  98.2610 124.9176 0023219 292.2622  67.6130 14.75161314479872
TANDEM-X                
1 36605U 10030A   18311.55923409  .00000258  00000-0  15487-4 0  9999
2 36605  97.4468 316.9788 0001783  76.8179  36.3011 15.19153415464798
CARTOSAT-2B             
1 36795U 10035A   18311.79697683 -.00000006  00000-0  61183-5 0  9999
2 36795  97.8584   7.9241 0014385 178.8756 181.2490 14.78702523449347
YAOGAN 10               
1 36834U 10038A   18311.72791490  .00000052  00000-0  13587-4 0  9994
2 36834  97.9591 308.5639 0001545  78.2821 281.8556 14.80883290445745
COSMO-SKYMED 4          
1 37216U 10060A   18311.71400987  .00000018  00000-0  88211-5 0  9990
2 37216  97.8892 133.2589 0001371  82.4962 277.6406 14.82153691433066
RESOURCESAT-2           
1 37387U 11015A   18311.80730048 -.00000610  00000-0 -25786-3 0  9990
2 37387  98.7428  24.3964 0002442 323.8716  36.2224 14.21636335391947
HAIYANG 2A              
1 37781U 11043A   18311.72223843 -.00000010  00000-0  33260-4 0  9990
2 37781  99.3239 319.4890 0001720  85.5782 274.5525 13.78719292364059
RASAT                   
1 37791U 11044D   18311.81481226  .00000012  00000-0  11341-4 0  9990
2 37791  98.1253  42.6036 0021128 323.5500  36.4256 14.64689313386222
MEGHA-TROPIQUES         
1 37838U 11058A   18311.42172340  .00000293  00000-0  16472-4 0  9999
2 37838  19.9786 319.9169 0009056 234.5224 125.4335 14.09678141297665
SRMSAT                  
1 37841U 11058D   18311.33773789  .00000300  00000-0  19649-4 0  9995
2 37841  19.9728 301.3622 0011637 262.9601 227.1101 14.10618318365025
YAOGAN 13               
1 37941U 11072A   18311.81859506  .00000579  00000-0  31673-4 0  9996
2 37941  97.5094 240.0692 0001420 106.8592 327.5561 15.18180659384829
PLEIADES 1A             
1 38012U 11076F   18311.74981108 -.00000036  00000-0  21590-5 0  9993
2 38012  98.1889  24.6813 0001736  85.2163 274.9235 14.58552795366991
ZIYUAN 1-02C (ZY 1-02C) 
1 38038U 11079A   18311.83493429  .00000039  00000-0  28083-4 0  9993
2 38038  98.2752   2.1513 0001658  72.7368 287.3994 14.35477954360473
ZIYUAN 3 (ZY 3)         
1 38046U 12001A   18311.84062381  .00000728  00000-0  35725-4 0  9994
2 38046  97.4812  22.3945 0004376  97.1622  13.1507 15.21239125379283
RISAT-1                 
1 38248U 12017A   18311.88389667  .00000694  00000-0  47063-4 0  9998
2 38248  97.5720 318.2576 0005391  92.8746 316.7252 15.09653402359977
ARIRANG-3 (KOMPSAT-3)   
1 38338U 12025B   18311.84087833  .00000055  00000-0  20323-4 0  9994
2 38338  98.1368 247.8236 0009469 172.5946 187.5396 14.61719284345482
KANOPUS-V 1             
1 38707U 12039A   18311.78838694  .00000113  00000-0  86160-5 0  9998
2 38707  97.4520 228.3086 0001746  72.8772   4.5451 15.18921127349297
EXACTVIEW-1 (ADS-1B)    
1 38709U 12039C   18311.85221194  .00000008  00000-0  24481-4 0  9999
2 38709  99.1422 312.4515 0009750 234.1677 125.8596 14.23977133327220
SPOT 6                  
1 38755U 12047A   18311.83328370 -.00000045  00000-0  23406-7 0  9992
2 38755  98.1597  16.8272 0001596  82.1395 277.9976 14.58569833328084
PLEIADES 1B             
1 39019U 12068A   18311.78415892 -.00000034  00000-0  24737-5 0  9993
2 39019  98.1911  24.7536 0001354  84.0514 276.0837 14.58558117315855
GOKTURK 2               
1 39030U 12073A   18311.88310694 -.00000480  00000-0 -67634-4 0  9995
2 39030  97.9441 199.8450 0000456 157.1156 203.0076 14.72727395315428
LANDSAT 8               
1 39084U 13008A   18311.79348205  .00000018  00000-0  14029-4 0  9997
2 39084  98.2143  19.9882 0001111  88.6144 271.5168 14.57109595305122
SARAL                   
1 39086U 13009A   18311.55921724  .00000001  00000-0  16575-4 0  9997
2 39086  98.5394 136.2162 0001366 139.0471 221.0815 14.32025798297860
GAOFEN 1                
1 39150U 13018A   18311.84939614  .00000001  00000-0  75313-5 0  9994
2 39150  97.9189  31.7983 0018167 212.0645 147.9454 14.76532297298309
VNREDSAT 1              
1 39160U 13021B   18311.85049554  .00000045  00000-0  18134-4 0  9990
2 39160  98.2075  23.8298 0001201  80.8657 279.2681 14.62885123293977
ARIRANG-5 (KOMPSAT-5)   
1 39227U 13042A   18311.73322304 -.00001059  00000-0 -71406-4 0  9990
2 39227  97.6147 134.1153 0001392  93.4278  39.1216 15.04504062286156
YAOGAN 18               
1 39363U 13059A   18311.82205506  .00000773  00000-0  41234-4 0  9999
2 39363  97.3312  11.5351 0001276 100.3338  11.0866 15.17994174278480
SKYSAT-1                
1 39418U 13066C   18311.79703202  .00000413  00000-0  39032-4 0  9994
2 39418  97.6691  32.5663 0022449  20.6941 339.5164 14.98754491271253
DUBAISAT-2              
1 39419U 13066D   18311.81342339  .00000540  00000-0  55935-4 0  9999
2 39419  97.6233  16.1980 0014439  17.9164 342.2566 14.93911772270430
GPM-CORE                
1 39574U 14009C   18311.57611635  .00003219  00000-0  50213-4 0  9990
2 39574  65.0087 351.0047 0011705 285.9195  74.0661 15.55966599266591
SENTINEL-1A             
1 39634U 14016A   18311.71600285  .00000003  00000-0  10419-4 0  9992
2 39634  98.1820 317.1052 0001298  73.0616 287.0716 14.59199442244859
KAZEOSAT 1              
1 39731U 14024A   18311.89068116 -.00000006  00000-0  11438-4 0  9995
2 39731  98.3774  27.8325 0001217  78.9934 281.1388 14.42027144238206
ALOS-2                  
1 39766U 14029A   18311.84928082 -.00000039  00000-0  16660-5 0  9999
2 39766  97.9227  46.8796 0001525  94.3880 265.7494 14.79471678240810
KAZEOSAT 2              
1 40010U 14033A   18311.70907009  .00000007  00000-0  74829-5 0  9994
2 40010  97.8535 210.2295 0017889  61.4595 298.8420 14.82084748237267
HODOYOSHI-4             
1 40011U 14033B   18311.71383546  .00000056  00000-0  13899-4 0  9993
2 40011  97.8355 205.0924 0028244  58.0310 302.3641 14.81047194237026
DEIMOS-2                
1 40013U 14033D   18311.83796658 -.00000859  00000-0 -95470-4 0  9998
2 40013  97.8503 214.4110 0002406  89.3132 270.8367 14.84595233237686
HODOYOSHI-3             
1 40015U 14033F   18311.62428985  .00000134  00000-0  25221-4 0  9993
2 40015  97.8131 196.8419 0038398  69.8590 290.6746 14.78432422236571
SPOT 7                  
1 40053U 14034A   18311.80000335 -.00000045  00000-0  70046-7 0  9991
2 40053  98.1727  17.1532 0001624  82.9102 277.2277 14.58562540232014
SKYSAT-2                
1 40072U 14037D   18311.85659291  .00000079  00000-0  17671-4 0  9999
2 40072  98.3932  89.7806 0005718 212.4554 147.6303 14.81125983234275
WORLDVIEW-3 (WV-3)      
1 40115U 14048A   18310.73031352 -.00000062  00000-0 -10643-5 0  9994
2 40115  97.8286  28.5396 0002460  94.4218 265.6402 14.84965736229423
YAOGAN 21               
1 40143U 14053A   18311.84164005  .00000904  00000-0  38984-4 0  9996
2 40143  97.2561  16.0873 0011325 182.8890 289.7420 15.24973894231917
YAOGAN 22               
1 40275U 14063A   18311.84778644 -.00000045  00000-0  00000+0 0  9993
2 40275 100.4523  62.3581 0005856   0.4986 359.6131 13.15331440194514
ASNARO                  
1 40298U 14070A   18311.77804781  .00000920  00000-0  46475-4 0  9992
2 40298  97.4598  32.6025 0001610  96.8138  16.9599 15.19539298222094
HODOYOSHI-1             
1 40299U 14070B   18311.88838818  .00000675  00000-0  31521-4 0  9996
2 40299  97.3697  31.0701 0014710 103.5460   8.6427 15.23092018222353
QSAT-EOS                
1 40301U 14070D   18311.76298564  .00001898  00000-0  77623-4 0  9996
2 40301  97.3494  28.2291 0027900 105.2215  11.4832 15.25219056222308
YAOGAN 23               
1 40305U 14071A   18311.86170559  .00000687  00000-0  37110-4 0  9997
2 40305  97.4686 246.8357 0002414  67.4222  18.1175 15.17963218220597
YAOGAN 24               
1 40310U 14072A   18311.71880860  .00000044  00000-0  13603-4 0  9999
2 40310  98.0591  74.6724 0016004 230.3494 129.6306 14.77240835213798
CBERS 4                 
1 40336U 14079A   18311.83526575 -.00000023  00000-0  69261-5 0  9997
2 40336  98.4004  19.7956 0001106  57.2696 302.8593 14.35488866205384
RESURS P2               
1 40360U 14087A   18311.86384656  .00000820  00000-0  28242-4 0  9995
2 40360  97.2675  41.5947 0010835 122.2854 356.6210 15.32819499216285
YAOGAN 26               
1 40362U 14088A   18311.83817162  .00001087  00000-0  44454-4 0  9997
2 40362  97.3125  26.5327 0003382 315.9889 153.7955 15.26439709215355
SMAP                    
1 40376U 15003A   18311.76439372  .00000058  00000-0  20203-4 0  9998
2 40376  98.1225 316.9774 0001591  42.4517 317.6796 14.63373310201277
KOMPSAT-3A              
1 40536U 15014A   18311.80980074  .00000419  00000-0  28092-4 0  9998
2 40536  97.5280 247.9047 0011493  14.6143  62.5552 15.12062992199912
SENTINEL-2A             
1 40697U 15028A   18311.85081723  .00000006  00000-0  18790-4 0  9995
2 40697  98.5680  24.4901 0001077  76.8550 283.2752 14.30819852176431
CARBONITE 1 (CBNT-1)    
1 40718U 15032D   18311.87346538  .00000036  00000-0  12845-4 0  9992
2 40718  97.9079 198.9175 0015901 307.4326  52.5434 14.74625890179213
YAOGAN 27               
1 40878U 15040A   18311.61809711 -.00000044  00000-0  00000+0 0  9992
2 40878 100.3253   6.7502 0009053 129.0722 231.1197 13.15960631153696
LAPAN-A2                
1 40931U 15052B   18311.11730134  .00000829  00000-0  26440-4 0  9993
2 40931   6.0068 210.8520 0013371 236.8747 123.0267 14.76591889168160
YAOGAN 28               
1 41026U 15064A   18311.90645633  .00001279  00000-0  46316-4 0  9992
2 41026  97.3789  79.1997 0008149 322.3449 151.3907 15.30224622167545
YAOGAN 29               
1 41038U 15069A   18311.88208315  .00000039  00000-0  11912-4 0  9996
2 41038  97.9536 292.8975 0001765  48.4345 311.7017 14.80383204159341
KENT RIDGE 1            
1 41167U 15077B   18311.03701389  .00000803  00000-0  89921-5 0  9999
2 41167  14.9779  86.2487 0011894 162.0652 163.6509 15.08954162159756
TELEOS 1                
1 41169U 15077D   18311.49258271  .00001228  00000-0  33749-4 0  9996
2 41169  14.9799  75.7252 0010558 180.8255 254.6204 15.10030829159892
JASON-3                 
1 41240U 16002A   18311.59704561 -.00000030  00000-0  13507-3 0  9994
2 41240  66.0386 146.1613 0007219 267.1686  92.8503 12.80930632131263
SENTINEL-3A             
1 41335U 16011A   18311.81110288  .00000016  00000-0  24706-4 0  9998
2 41335  98.6248  16.9705 0001302  96.9275 263.2054 14.26738122141887
SENTINEL-1B             
1 41456U 16025A   18311.74980311  .00000003  00000-0  10251-4 0  9997
2 41456  98.1820 316.9640 0001271  79.5515 280.5814 14.59199726135024
ZIYUAN 3-2 (ZY 3-2)     
1 41556U 16033A   18311.82463419  .00000613  00000-0  30436-4 0  9995
2 41556  97.4204  27.6526 0000753  66.7121  43.2374 15.21329354135574
NUSAT-1 (FRESCO)        
1 41557U 16033B   18311.77534716  .00001355  00000-0  53736-4 0  9991
2 41557  97.4315  35.5196 0013163  10.7070 349.4447 15.27072284136071
NUSAT-2 (BATATA)        
1 41558U 16033C   18311.81973850  .00001471  00000-0  55638-4 0  9995
2 41558  97.4336  35.9128 0013407  15.4166 344.7479 15.28514713136086
CARTOSAT-2C             
1 41599U 16040A   18311.74155498  .00000527  00000-0  28090-4 0  9993
2 41599  97.3942   9.9989 0015492 100.1929  14.9247 15.19291883131864
SKYSAT-C1               
1 41601U 16040C   18311.87297596  .00000564  00000-0  26970-4 0  9993
2 41601  97.5589  26.9043 0001787 110.3094   2.4373 15.23134766132140
LAPAN-A3                
1 41603U 16040E   18311.76306617  .00000294  00000-0  16921-4 0  9993
2 41603  97.3951  10.5394 0015227  97.5800  22.6721 15.19629599131885
BIROS                   
1 41604U 16040F   18311.79722317  .00000533  00000-0  26688-4 0  9993
2 41604  97.3969  12.3752 0014167  88.3072 271.9786 15.21512120132003
SKYSAT-C4               
1 41771U 16058B   18311.76492346  .00000477  00000-0  23193-4 0  9995
2 41771  97.4270  20.6429 0001551 105.5355  11.2823 15.23123657119070
SKYSAT-C5               
1 41772U 16058C   18311.77634358  .00000768  00000-0  35656-4 0  9998
2 41772  97.4257  20.2506 0001548 126.8801 347.5550 15.23004995119060
SKYSAT-C2               
1 41773U 16058D   18311.73860625  .00000490  00000-0  23715-4 0  9998
2 41773  97.4291  20.7172 0001283  84.5252  31.3672 15.23156489119068
SKYSAT-C3               
1 41774U 16058E   18311.75182368  .00000565  00000-0  26921-4 0  9997
2 41774  97.4297  20.7062 0000805  95.3545  23.2742 15.23133294119064
ALSAT 1B                
1 41785U 16059C   18311.83898058 -.00000015  00000-0  63712-5 0  9990
2 41785  98.0989  11.3006 0031626   5.0162 355.1332 14.63300904112964
PATHFINDER 1            
1 41787U 16059E   18311.75300234  .00000048  00000-0  18521-4 0  9999
2 41787  98.1003  11.6872 0030933   3.6724 356.4696 14.63630347112971
SCATSAT 1               
1 41790U 16059H   18311.55271320  .00000024  00000-0  17273-4 0  9991
2 41790  98.2426 356.6105 0018607  15.6250 344.5516 14.50879171111971
WORLDVIEW-4 (WV-4)      
1 41848U 16067A   18311.77383954  .00000034  00000-0  10318-4 0  9999
2 41848  97.8993  27.8308 0002296 124.8867 235.2555 14.84982558107734
GOKTURK 1A              
1 41875U 16073A   18311.67794008  .00000024  00000-0  13823-4 0  9994
2 41875  98.1533 204.1783 0001394  69.5149 290.6207 14.62743211102631
RESOURCESAT-2A          
1 41877U 16074A   18311.77154056 -.00000026  00000-0  80552-5 0  9998
2 41877  98.6595  24.1674 0000574  83.9073 276.2169 14.21655177 99540
CARTOSAT-2D             
1 41948U 17008A   18311.69063078  .00000437  00000-0  23948-4 0  9999
2 41948  97.4293  11.2117 0005136 239.8933 120.1815 15.19271964 95723
SENTINEL-2B             
1 42063U 17013A   18311.81587521 -.00000010  00000-0  12799-4 0  9992
2 42063  98.5682  24.4557 0001220  91.8248 268.3072 14.30817635 87347
ZHUHAI-1 02 (CAS 4B)    
1 42759U 17034B   18311.61486481  .00000135  00000-0  21840-4 0  9992
2 42759  43.0202  15.8124 0011348 285.6793 198.9683 15.09411629 77127
NUSAT-3 (MILANESAT)     
1 42760U 17034C   18311.67658181  .00000200  00000-0  25937-4 0  9992
2 42760  43.0182  16.1631 0010141 291.6414 207.6827 15.09284477 77138
ZHUHAI-1 01 (CAS 4A)    
1 42761U 17034D   18311.65777346  .00000286  00000-0  31068-4 0  9992
2 42761  43.0201  15.2502 0011755 287.6831 209.3090 15.09489191 77128
CARTOSAT-2E             
1 42767U 17036C   18311.89459795  .00002034  00000-0  10000-3 0  9996
2 42767  97.5052   7.6633 0007483 289.5670  70.4026 15.19171472 76325
FORMOSAT-5              
1 42920U 17049A   18311.71417784  .00000286  00000-0  84045-4 0  9992
2 42920  98.3505  26.9860 0009503 337.0574  23.0225 14.50811642 63797
SENTINEL-5P             
1 42969U 17064A   18311.41112729 -.00000031  00000-0  62027-5 0  9996
2 42969  98.7113 249.1216 0001025  81.0029 279.1263 14.19547980 55327
SKYSAT-C11              
1 42987U 17068A   18311.88723930  .00000624  00000-0  30807-4 0  9990
2 42987  97.4163  63.5914 0008381 285.5349  74.4961 15.21475963 56517
SKYSAT-C10              
1 42988U 17068B   18311.76706816  .00000712  00000-0  34702-4 0  9998
2 42988  97.4137  63.3803 0003684 316.0397 177.5191 15.21529341 56495
SKYSAT-C9               
1 42989U 17068C   18311.82228387  .00000691  00000-0  33686-4 0  9994
2 42989  97.4146  63.8342 0001234  76.8065  42.0103 15.21571378 56521
SKYSAT-C8               
1 42990U 17068D   18311.80829457  .00000699  00000-0  34039-4 0  9990
2 42990  97.4156  63.7143 0005451 344.8929 134.6864 15.21591327 56511
SKYSAT-C7               
1 42991U 17068E   18311.80019752  .00000708  00000-0  34490-4 0  9992
2 42991  97.4151  63.7150 0006007   1.4080 120.4652 15.21564182 56514
SKYSAT-C6               
1 42992U 17068F   18311.78986998  .00000774  00000-0  37404-4 0  9996
2 42992  97.4151  63.8950 0012805  44.5203  83.3927 15.21519370 56524
CARTOSAT-2F             
1 43111U 18004A   18311.81807316  .00000607  00000-0  32030-4 0  9996
2 43111  97.4672  11.4233 0003395 324.6169  99.3403 15.19229484 45497
MICROSAT-TD             
1 43128U 18004T   18311.71303611  .00020333  00000-0  16400-3 0  9992
2 43128  96.8406   8.2694 0008968 270.7121  89.3115 15.70855684 47000
NUSAT-4 (ADA)           
1 43195U 18015D   18311.67022347  .00001215  00000-0  53626-4 0  9997
2 43195  97.3693  77.8079 0017958  12.6599 112.2903 15.23528948 42372
NUSAT-5 (MARYAM)        
1 43204U 18015K   18311.86175169  .00001244  00000-0  54778-4 0  9991
2 43204  97.3695  78.0068 0018263  11.8296 105.3809 15.23562457 42002
SENTINEL-3B             
1 43437U 18039A   18311.58547326 -.00000106  00000-0 -25122-4 0  9991
2 43437  98.6250  16.6579 0004439 219.1617 140.9243 14.28053368 27916
AEOLUS                  
1 43600U 18066A   18310.66572830 -.00000138  00000-0  00000+0 0  9996
2 43600  96.7292 315.7649 0005491  55.8176 304.4617 15.86872084 12003
ICESAT-2                
1 43613U 18070A   18311.42645223  .00001563  00000-0  56638-4 0  9992
2 43613  92.0003 262.9730 0002945  83.4889 276.6696 15.28264021  8081
