AKEBONO (EXOS-D)        
1 19822U 89016A   18343.51806711  .00011129 -11911-6  20801-3 0  9992
2 19822  75.0323  19.2262 1816375  87.7353 292.9400 11.89183828972968
HST                     
1 20580U 90037B   18342.88952546  .00000455  00000-0  16808-4 0  9990
2 20580  28.4706  40.1376 0002484 216.7343 127.4713 15.09141084371884
POLAR                   
1 23802U 96013A   18342.10043244 -.00000044  00000-0  00000+0 0  9998
2 23802  78.6636 258.4857 6904983 302.1499   8.9317  1.29844443109152
SWAS                    
1 25560U 98071A   18343.45986312  .00000104  00000-0  18327-4 0  9990
2 25560  69.8988 342.3198 0004508 101.7583 258.4079 14.93669542 86211
ORSTED                  
1 25635U 99008B   18342.93772424  .00000053  00000-0  20489-4 0  9998
2 25635  96.4615 126.8976 0137803 326.3135  32.9360 14.48118321 44079
CXO                     
1 25867U 99040B   18346.46615230  .00000660  00000-0  00000+0 0  9990
2 25867  69.7333 279.4454 7002454 238.0432   0.1958  0.37804866 18105
XMM-NEWTON              
1 25989U 99066A   18345.12148942 -.00000493  00000-0  00000+0 0  9991
2 25989  70.6625 339.3144 7824294  95.6015 359.9736  0.50132762 23609
TERRA                   
1 25994U 99068A   18342.81005757 -.00004117  00000-0 -90458-3 0  9996
2 25994  98.2138  55.1147 0002029 110.5737 249.5765 14.57093880  9251
CLUSTER II-FM7 (SAMBA)  
1 26410U 00041A   18342.94002231  .00000361  00000-0  00000+0 0  9996
2 26410 131.0592 337.4275 4109650 167.7801   0.0438  0.44225837 19888
CLUSTER II-FM6 (SALSA)  
1 26411U 00041B   18345.34344190  .00000000  00000-0  00000+0 0  9997
2 26411 130.3331 338.5948 5028969 174.9973 359.8242  0.44280419 19936
CLUSTER II-FM5 (RUMBA)  
1 26463U 00045A   18345.45361775  .00000410  00000-0  00000+0 0  9993
2 26463 133.9156 337.5892 4716604 173.7767 359.7958  0.44161150 20475
CLUSTER II-FM8 (TANGO)  
1 26464U 00045B   18341.98168986  .00000367  00000-0  00000+0 0  9998
2 26464 131.0478 337.4252 4106079 167.0915 207.8440  0.44220700 55790
ODIN                    
1 26702U 01007A   18342.95715674  .00000188  00000-0  16409-4 0  9998
2 26702  97.5836 358.4185 0011381  17.1534 343.0076 15.07662524972364
TIMED                   
1 26998U 01055B   18342.96198929  .00000077  00000-0  12495-4 0  9995
2 26998  74.0718 320.9102 0002272 242.4710 117.6240 14.88069114921716
RHESSI                  
1 27370U 02004A   18343.18755319  .00001663  00000-0  59070-4 0  9994
2 27370  38.0340 350.6257 0011823 116.5836 243.6147 15.30865941929001
CORIOLIS                
1 27640U 03001A   18342.94282594 -.00000003  00000-0  19448-4 0  9998
2 27640  98.7354 350.6350 0013877 192.6481 230.3105 14.18995409824510
SORCE                   
1 27651U 03004A   18343.02970336  .00000049  00000-0  19383-4 0  9998
2 27651  39.9945 192.6010 0020708  68.2125 292.0865 14.88932896861276
MOST                    
1 27843U 03031D   18342.92372615 -.00000019  00000-0  11482-4 0  9995
2 27843  98.7121 348.3108 0008958 257.4074 102.6101 14.20579633800582
SCISAT 1                
1 27858U 03036A   18342.93459098  .00000013  00000-0  68847-5 0  9999
2 27858  73.9324 203.2202 0008089 189.0134 171.0896 14.77225154825478
SWIFT                   
1 28485U 04047A   18343.19133171  .00000808  00000-0  25032-4 0  9999
2 28485  20.5578 317.9171 0011061 221.1334 138.8267 15.04257012769611
FORMOSAT-3 FM6          
1 29047U 06011A   18342.90769607  .00000005  00000-0  18447-4 0  9995
2 29047  71.9771 165.8368 0051942 300.6776  58.9246 14.28660054661837
FORMOSAT-3 FM1          
1 29048U 06011B   18342.70001214  .00000106  00000-0  58171-4 0  9997
2 29048  71.9680  77.8179 0045988 259.3771 100.2184 14.28604303664297
FORMOSAT-3 FM5          
1 29049U 06011C   18342.94281474  .00000105  00000-0  57772-4 0  9997
2 29049  72.0207 245.8179 0036981 289.0306  70.6825 14.28684659660110
FORMOSAT-3 FM3          
1 29050U 06011D   18342.75043259  .00000209  00000-0  54404-4 0  9999
2 29050  72.0166  89.1208 0052091 257.1775 102.3554 14.58742255675246
FORMOSAT-3 FM4          
1 29051U 06011E   18342.88397185  .00000056  00000-0  37632-4 0  9998
2 29051  72.0039 149.0376 0067959 168.8094 191.4573 14.28710839662694
FORMOSAT-3 FM2          
1 29052U 06011F   18342.92220636  .00000073  00000-0  44905-4 0  9990
2 29052  72.0343 221.5074 0042116 251.9104 107.7443 14.28810341660208
CLOUDSAT                
1 29107U 06016A   18342.94452350  .00000053  00000-0  19743-4 0  9998
2 29107  98.1639 284.4128 0001411  13.3501 346.7737 14.62273827670996
CALIPSO                 
1 29108U 06016B   18342.94400899  .00000095  00000-0  28103-4 0  9996
2 29108  98.1660 284.2028 0001257  82.2338 277.9006 14.62278935670987
HINODE (SOLAR-B)        
1 29479U 06041A   18342.91921479  .00000033  00000-0  15234-4 0  9997
2 29479  98.1689 348.6519 0016300 323.5512  36.4580 14.64959851652406
SJ-6C                   
1 29505U 06046A   18343.55844407 -.00000334  00000-0 -25567-4 0  9994
2 29505  97.8271 348.8621 0004504  90.3916 269.7842 14.94478686660579
SJ-6D                   
1 29506U 06046B   18343.57457610  .00000440  00000-0  47391-4 0  9998
2 29506  97.8476 348.6545 0003222 138.5662 221.5815 14.93413651660205
AGILE                   
1 31135U 07013A   18342.51998301  .00002211  00000-0  34626-4 0  9999
2 31135   2.4671 224.2169 0011963 123.6307 236.4889 15.31200004646498
AIM                     
1 31304U 07015A   18342.59455275  .00000737  00000-0  46017-4 0  9993
2 31304  97.9770 192.1393 0006594  97.0913 263.1067 15.12853500636474
FGRST (GLAST)           
1 33053U 08029A   18343.20721879  .00000480  00000-0  10717-4 0  9990
2 33053  25.5832 287.8813 0012628  50.9670 309.1988 15.11161317579099
WISE                    
1 36119U 09071A   18342.93402587  .00000696  00000-0  27101-4 0  9999
2 36119  97.3953  14.4365 0002522 164.4279 195.7039 15.29338226498720
SDO                     
1 36395U 10005A   18343.06738250 -.00000050  00000-0  00000+0 0  9997
2 36395  29.4510 130.8700 0001202  75.8177 153.7320  1.00272104 32483
CRYOSAT 2               
1 36508U 10013A   18342.90579425  .00000057  00000-0  13221-4 0  9991
2 36508  92.0221 332.9430 0005588 320.4905  39.5894 14.52179388459502
X-SAT                   
1 37389U 11015C   18343.37790674 -.00000032  00000-0  45333-5 0  9999
2 37389  98.5132  48.3082 0015322 112.8856 247.3943 14.24365140397123
GCOM-W1 (SHIZUKU)       
1 38337U 12025A   18342.83149309  .00000042  00000-0  19379-4 0  9998
2 38337  98.2207 280.4364 0000842 126.7187 256.0733 14.57100784348948
NUSTAR                  
1 38358U 12031A   18342.55590496  .00000915  00000-0  22163-4 0  9998
2 38358   6.0279 353.6195 0011441 146.5087 213.5766 14.88074831352911
RBSP A                  
1 38752U 12046A   18341.43832694 -.00000089  00000-0 -35605-3 0  9995
2 38752  10.0350 303.3885 6815556 261.0336  22.5614  2.68153688 61322
RBSP B                  
1 38753U 12046B   18342.69841642 -.00000127  00000-0 -74302-3 0  9998
2 38753  10.0697 316.9720 6827895 234.7373  41.6950  2.65134962 60855
NEOSSAT                 
1 39089U 13009D   18342.58373042  .00000023  00000-0  23455-4 0  9990
2 39089  98.5077 184.2293 0011890 136.6696 223.5427 14.34446900302726
IRIS                    
1 39197U 13033A   18343.09015434  .00000081  00000-0  18201-4 0  9999
2 39197  97.9405 161.8936 0026766 227.2248 132.6712 14.78584584293889
HISAKI (SPRINT-A)       
1 39253U 13049A   18342.80866734  .00000050  00000-0 -15939-4 0  9996
2 39253  29.7177 142.6838 0136766  71.3281 290.2084 13.55194630259491
CASSIOPE                
1 39265U 13055A   18342.90827956  .00003351  00000-0  94389-4 0  9992
2 39265  80.9663 174.8983 0673087 126.1703 240.3693 14.26607506268370
STSAT-3                 
1 39422U 13066G   18343.43705265  .00000134  00000-0  19537-4 0  9994
2 39422  97.5857  31.3911 0021603 240.1720 119.7376 14.89675838274353
SWARM B                 
1 39451U 13067A   18342.88893514  .00000354  00000-0  14173-4 0  9995
2 39451  87.7526  86.5372 0003386 114.2834 245.8765 15.21452015265335
SWARM A                 
1 39452U 13067B   18342.92271476  .00001078  00000-0  23029-4 0  9992
2 39452  87.3445 333.5902 0003198  80.1234 280.0384 15.43499958283319
SWARM C                 
1 39453U 13067C   18342.92263081  .00001055  00000-0  22513-4 0  9998
2 39453  87.3447 335.0218 0003175  79.5493 280.6122 15.43499793283271
BRITE-TORONTO           
1 40020U 14033L   18343.57096819  .00000057  00000-0  17992-4 0  9995
2 40020  97.7624 192.7741 0088537  46.6404 314.2133 14.66537250239290
OCO 2                   
1 40059U 14035A   18342.82478407  .00000030  00000-0  16642-4 0  9995
2 40059  98.2137 281.5034 0001216  86.7882 273.3455 14.57105303235976
BRITE-PL 2              
1 40119U 14049B   18342.80555039  .00000124  00000-0  21175-4 0  9993
2 40119  97.9138  70.0919 0018661 125.4643 234.8316 14.84347155233206
RESURS P2               
1 40360U 14087A   18343.46150152  .00000613  00000-0  21698-4 0  9996
2 40360  97.2669  72.6325 0010211  25.8917 103.1660 15.32862502221125
MMS 1                   
1 40482U 15011A   18341.70298294 -.00001030  00000-0  00000+0 0  9998
2 40482   1.7120  48.2897 9060659  77.1511 312.4296  0.35532675  9570
MMS 2                   
1 40483U 15011B   18341.90711524 -.00001022  00000-0  00000+0 0  9998
2 40483   1.7230  49.4168 9060659  76.0257 338.5322  0.35524666  9550
MMS 3                   
1 40484U 15011C   18339.03425926 -.00000949  00000-0  00000+0 0  9995
2 40484   1.6932  43.9358 9058330  81.4403 331.1743  0.35515541  9553
MMS 4                   
1 40485U 15011D   18339.14684885 -.00000960  00000-0  00000+0 0  9992
2 40485   1.6924  44.5349 9058664  80.8468 345.5428  0.35519872  9545
ASTROSAT                
1 40930U 15052A   18342.14275035  .00000695  00000-0  85315-5 0  9991
2 40930   5.9961 354.4770 0009004 311.3498  48.5814 14.76224503172723
DAMPE                   
1 41173U 15078A   18343.56735997  .00000089  00000-0  65571-5 0  9993
2 41173  97.2974 341.5758 0015489  54.9023  59.3198 15.23745718165740
PISAT                   
1 41784U 16059B   18342.74152131  .00000112  00000-0  30832-4 0  9991
2 41784  98.0973  41.8184 0030677 265.4470  94.3228 14.63385947117488
HXMT (HUIYAN)           
1 42758U 17034A   18343.51163781  .00000114  00000-0  20943-4 0  9990
2 42758  43.0180 204.9987 0008425 133.7542 300.5688 15.08468486 81905
FLYING LAPTOP           
1 42831U 17042G   18342.92550167  .00000282  00000-0  33993-4 0  9998
2 42831  97.5825 238.5721 0013799 344.8650  15.2154 14.90927715 76368
PICSAT                  
1 43132U 18004X   18342.89324203  .00001280  00000-0  57355-4 0  9995
2 43132  97.5140  45.8809 0009335 198.3475 161.7427 15.23079936 50303
ZHANGZHENG-1 (CSES)     
1 43194U 18015C   18342.92759376  .00001027  00000-0  49305-4 0  9997
2 43194  97.3715 107.5337 0014567 261.1130  98.8452 15.20997499 47077
