2018-099A               
1 43758U 18099A   18357.82732125  .00000425  00000-0  43854-4 0  9997
2 43758  97.7666  66.7957 0015467 191.9523 168.1333 14.95269077  3001
2018-099B               
1 43759U 18099B   18357.83018944  .00000135  00000-0  17624-4 0  9999
2 43759  97.7670  66.7961 0014154 184.5533 175.5561 14.95049952  2993
2018-099C               
1 43760U 18099C   18357.83082023  .00000518  00000-0  52582-4 0  9997
2 43760  97.7660  66.7882 0013896 190.1840 169.9101 14.95010989  3000
ICEYE X2                
1 43761U 18099D   18357.83142516  .00000046  00000-0  95058-5 0  9994
2 43761  97.7693  66.8004 0014148 191.0255 169.0658 14.94956060  2998
STPSAT-5                
1 43762U 18099E   18357.49084693  .00000361  00000-0  37827-4 0  9997
2 43762  97.7675  66.4677 0012892 194.6516 165.4333 14.95503652  2945
2018-099F               
1 43763U 18099F   18357.89148640  .00000661  00000-0  64909-4 0  9999
2 43763  97.7664  66.8635 0013057 189.9023 170.1946 14.95470398  3018
2018-099G               
1 43764U 18099G   18357.81612304  .00000856  00000-0  81171-4 0  9991
2 43764  97.7657  66.8010 0015772 197.2719 162.7967 14.96108074  2994
HAWK-A                  
1 43765U 18099H   18357.48358647  .00000624  00000-0  60930-4 0  9995
2 43765  97.7652  66.4735 0014520 201.5720 158.4891 14.95922174  2948
2018-099J               
1 43766U 18099J   18357.83855407 -.00000008  00000-0  46080-5 0  9999
2 43766  97.7655  66.7801 0011322 186.9114 173.1952 14.94421846  3008
CORVUS-BC 4             
1 43767U 18099K   18357.83758614 -.00000075  00000-0 -15649-5 0  9994
2 43767  97.7656  66.7793 0011633 186.3050 173.8026 14.94493746  3005
2018-099L               
1 43768U 18099L   18357.83851457 -.00000099  00000-0 -38230-5 0  9991
2 43768  97.7655  66.7800 0011354 186.7727 173.3341 14.94422933  2722
FLOCK 3S-1              
1 43769U 18099M   18357.76858443 -.00000025  00000-0  29974-5 0  9999
2 43769  97.7617  66.7057 0013963 196.4778 163.5990 14.94649651  2995
2018-099N               
1 43770U 18099N   18357.43391047  .00000111  00000-0  15617-4 0  9990
2 43770  97.7671  66.3876 0014195 199.4185 160.6497 14.94644894  2944
2018-099P               
1 43771U 18099P   18357.16603931  .00000174  00000-0  21384-4 0  9996
2 43771  97.7670  66.1225 0014231 200.2800 159.7857 14.94651738  2894
RANGE-A                 
1 43772U 18099Q   18357.70087577  .00000178  00000-0  21710-4 0  9996
2 43772  97.7718  66.6666 0014191 185.5446 174.5620 14.94709819  2974
RANGE-B                 
1 43773U 18099R   18357.76771182 -.00000018  00000-0  36380-5 0  9999
2 43773  97.7619  66.7109 0013461 185.0931 175.0154 14.94714642  2980
2018-099S               
1 43774U 18099S   18357.76692571  .00000210  00000-0  24571-4 0  9995
2 43774  97.7697  66.7239 0012799 188.1709 171.9305 14.94777935  2988
2018-099T               
1 43775U 18099T   18357.76595109  .00000016  00000-0  68300-5 0  9998
2 43775  97.7680  66.7302 0014435 189.6009 170.4937 14.94846681  2979
2018-099U               
1 43776U 18099U   18357.76590868 -.00000027  00000-0  28893-5 0  9992
2 43776  97.7679  66.7300 0014404 189.4477 170.6475 14.94848922  2978
2018-099V               
1 43777U 18099V   18357.76744849  .00000072  00000-0  11929-4 0  9993
2 43777  97.7633  66.7150 0014037 194.7510 165.3303 14.94736158  2980
2018-099W               
1 43778U 18099W   18357.63341231  .00000091  00000-0  13699-4 0  9995
2 43778  97.7579  66.5647 0013746 195.1035 164.9777 14.94746617  2545
2018-099X               
1 43779U 18099X   18357.69898866  .00000011  00000-0  63270-5 0  9996
2 43779  97.7680  66.6639 0014423 189.8283 170.2657 14.94848045  2960
MOVE II                 
1 43780U 18099Y   18357.76576922  .00000310  00000-0  33757-4 0  9990
2 43780  97.7653  66.7155 0013330 196.2365 163.8430 14.94866051  2970
2018-099Z               
1 43781U 18099Z   18357.69841471  .00000292  00000-0  32055-4 0  9996
2 43781  97.7600  66.6396 0013546 188.6551 171.4438 14.94897159  2976
SNUSAT-2                
1 43782U 18099AA  18357.76473824  .00000157  00000-0  19676-4 0  9992
2 43782  97.7667  66.7236 0012676 184.7718 175.3384 14.94940258  2982
2018-099AB              
1 43783U 18099AB  18357.76320555  .00000034  00000-0  83768-5 0  9993
2 43783  97.7657  66.7228 0013576 188.5653 171.5338 14.95051858  2979
2018-099AC              
1 43784U 18099AC  18357.76372968  .00000150  00000-0  19004-4 0  9999
2 43784  97.7632  66.7132 0014849 193.9825 166.0986 14.95015057  2993
2018-099AD              
1 43785U 18099AD  18357.69681282  .00000365  00000-0  38625-4 0  9992
2 43785  97.7598  66.6382 0013692 183.1299 176.9838 14.95017261  2537
ITASAT 1                
1 43786U 18099AE  18357.76347640  .00000179  00000-0  21676-4 0  9999
2 43786  97.7685  66.7310 0014926 192.8499 167.2343 14.95034945  2999
2018-099AF              
1 43787U 18099AF  18357.76336170  .00000428  00000-0  44369-4 0  9997
2 43787  97.7575  66.7058 0014083 191.0858 169.0054 14.95048787  2999
FLOCK 3S-3              
1 43788U 18099AG  18357.76276706  .00000220  00000-0  25317-4 0  9998
2 43788  97.7658  66.7222 0014699 194.3321 165.7485 14.95086778  2981
2018-099AH              
1 43789U 18099AH  18357.75856599  .00000513  00000-0  51602-4 0  9993
2 43789  97.7662  66.7271 0015708 191.7096 168.3762 14.95407312  2688
EAGLET-I                
1 43790U 18099AJ  18357.75829030  .00000325  00000-0  34658-4 0  9998
2 43790  97.7677  66.7347 0012981 197.3916 162.6862 14.95424682  2680
2018-099AK              
1 43791U 18099AK  18357.75793712  .00002257  00000-0  20894-3 0  9998
2 43791  97.7667  66.7285 0012822 194.7460 165.3389 14.95463861  2989
ESEO                    
1 43792U 18099AL  18357.75779811  .00000260  00000-0  28740-4 0  9994
2 43792  97.7660  66.7327 0012894 194.2746 165.8112 14.95456583  2747
CSIM-FD                 
1 43793U 18099AM  18357.75742691  .00000729  00000-0  70982-4 0  9996
2 43793  97.7607  66.7084 0013014 192.5023 167.5877 14.95495387  2712
HAWK-B                  
1 43794U 18099AN  18357.15415191  .00000543  00000-0  54063-4 0  9999
2 43794  97.7666  66.1361 0011720 200.2215 159.8543 14.95650826  2885
2018-099AP              
1 43795U 18099AP  18357.75620059  .00000657  00000-0  64352-4 0  9995
2 43795  97.7613  66.7165 0013468 196.9273 163.1500 14.95585072  2973
2018-099AQ              
1 43796U 18099AQ  18357.75554988  .00000557  00000-0  55272-4 0  9993
2 43796  97.7656  66.7320 0015247 179.1352 180.9898 14.95633046  2985
SKYSAT-C12              
1 43797U 18099AR  18357.75571455  .00000382  00000-0  39625-4 0  9992
2 43797  97.7658  66.7329 0013678 194.9726 165.1091 14.95614395  2978
2018-099AS              
1 43798U 18099AS  18357.75515733  .00000464  00000-0  46900-4 0  9995
2 43798  97.7664  66.7341 0012564 177.1906 182.9388 14.95660497  2976
HAWK-C                  
1 43799U 18099AT  18357.75443903  .00000548  00000-0  54376-4 0  9994
2 43799  97.7612  66.7256 0012119 198.4266 161.6517 14.95716933  2982
2018-099AU              
1 43800U 18099AU  18357.83140432  .00000058  00000-0  10610-4 0  9996
2 43800  97.7659  66.7880 0013988 188.4911 171.6075 14.94957770  2996
2018-099AV              
1 43801U 18099AV  18357.82910031  .00000246  00000-0  27706-4 0  9999
2 43801  97.7624  66.7770 0014206 185.4211 174.6858 14.95133782  2993
SKYSAT-C13              
1 43802U 18099AW  18357.21773587  .00000801  00000-0  72009-4 0  9999
2 43802  97.7616  66.2040 0007774 299.7680  60.2768 14.98478997  2602
2018-099AX              
1 43803U 18099AX  18357.82904281  .00000325  00000-0  34888-4 0  9998
2 43803  97.7642  66.7836 0014921 193.5309 166.5513 14.95139378  2995
SUOMI-100               
1 43804U 18099AY  18357.82893660  .00000286  00000-0  31329-4 0  9990
2 43804  97.7641  66.7834 0014981 193.6699 166.4118 14.95146712  3005
AL-FARABI 2             
1 43805U 18099AZ  18357.82874197  .00000434  00000-0  44724-4 0  9993
2 43805  97.7641  66.7836 0015056 193.8467 166.2343 14.95163995  3007
2018-099BA              
1 43806U 18099BA  18357.82858219  .00000241  00000-0  27202-4 0  9999
2 43806  97.7643  66.7808 0014688 191.7418 168.3463 14.95171495  2696
2018-099BB              
1 43807U 18099BB  18357.82743561  .00000378  00000-0  39548-4 0  9990
2 43807  97.7659  66.7928 0012773 188.9221 171.1774 14.95258496  2403
2018-099BC              
1 43808U 18099BC  18357.89410391  .00001015  00000-0  97331-4 0  9993
2 43808  97.7673  66.8691 0011877 197.1558 162.9221 14.95279943  2693
2018-099BD              
1 43809U 18099BD  18357.82682769  .00000311  00000-0  33480-4 0  9990
2 43809  97.7659  66.7925 0014911 194.9253 165.1529 14.95304178  2691
2018-099BE              
1 43810U 18099BE  18357.82674338  .00000282  00000-0  30836-4 0  9994
2 43810  97.7571  66.7712 0014240 189.3522 170.7436 14.95306354  2543
NEXTSAT-1               
1 43811U 18099BF  18357.15741877  .00000416  00000-0  43008-4 0  9998
2 43811  97.7659  66.1311 0012785 192.5583 167.5321 14.95319740  2444
BLACKSKY GLOBAL 2       
1 43812U 18099BG  18357.49190194  .00000336  00000-0  35669-4 0  9991
2 43812  97.7646  66.4617 0013231 195.2122 164.8702 14.95325783  2536
2018-099BH              
1 43813U 18099BH  18357.82620897  .00000496  00000-0  50180-4 0  9999
2 43813  97.7732  66.8120 0013933 182.5589 177.5563 14.95352522  2684
PW-SAT2                 
1 43814U 18099BJ  18357.16339379  .00000896  00000-0  87445-4 0  9997
2 43814  97.7631  66.1164 0012902 198.8020 161.2722 14.94859958  2297
2018-099BK              
1 43815U 18099BK  18357.89468172  .00000073  00000-0  11906-4 0  9998
2 43815  97.7654  66.8581 0013331 195.4205 164.6612 14.95227223  2704
2018-099BL              
1 43816U 18099BL  18357.76059618  .00000431  00000-0  44356-4 0  9999
2 43816  97.7670  66.7223 0013557 181.1285 178.9907 14.95255276  2530
2018-099BM              
1 43817U 18099BM  18357.82739860  .00000985  00000-0  94639-4 0  9994
2 43817  97.7672  66.7889 0013625 181.8576 178.2597 14.95275050  2548
2018-099BN              
1 43818U 18099BN  18357.76052722  .00000615  00000-0  61051-4 0  9995
2 43818  97.7671  66.7224 0013581 181.3101 178.8086 14.95264008  2686
2018-099BP              
1 43819U 18099BP  18357.76010789  .00000186  00000-0  22186-4 0  9992
2 43819  97.7653  66.7261 0013099 194.3329 165.7522 14.95283871  2575
2018-099BQ              
1 43820U 18099BQ  18357.82694171 -.00000255  00000-0 -17834-4 0  9997
2 43820  97.7604  66.7831 0012761 181.9952 178.1191 14.95294039  2393
FLOCK 3S-2              
1 43821U 18099BR  18357.76000122  .00000419  00000-0  43215-4 0  9990
2 43821  97.7650  66.7318 0013812 191.9555 168.1339 14.95295938  2687
