NOAA 15                 
1 25338U 98030A   18343.62173020  .00000024  00000-0  28670-4 0  9994
2 25338  98.7606   0.0973 0011494  79.3517 280.8956 14.25886759 70021
METEOSAT-8 (MSG-1)      
1 27509U 02040B   18342.82522778  .00000139  00000-0  00000+0 0  9990
2 27509   5.7656  56.3173 0001191 282.7886  76.9884  1.00279641 59705
KALPANA-1 (METSAT 1)    
1 27525U 02043A   18342.77691279 -.00000005  00000-0  00000-0 0  9992
2 27525   8.5724  51.4997 0001475  63.2017 296.6939  0.98337274 59472
NOAA 18                 
1 28654U 05018A   18343.58035786 -.00000024  00000-0  12239-4 0  9998
2 28654  99.1244  22.4201 0014130 358.8414   1.2722 14.12391817698542
METEOSAT-9 (MSG-2)      
1 28912U 05049B   18343.64347870  .00000022  00000-0  00000+0 0  9991
2 28912   3.2772  71.5534 0000525  11.0759 230.9575  1.00265225 47538
HIMAWARI-7 (MTSAT-2)    
1 28937U 06004A   18343.16914639 -.00000239  00000-0  00000+0 0  9991
2 28937   0.0175 304.1777 0003651 309.2423  30.3656  1.00270640 46802
FORMOSAT-3 FM6          
1 29047U 06011A   18342.90769607  .00000005  00000-0  18447-4 0  9995
2 29047  71.9771 165.8368 0051942 300.6776  58.9246 14.28660054661837
FORMOSAT-3 FM1          
1 29048U 06011B   18342.70001214  .00000106  00000-0  58171-4 0  9997
2 29048  71.9680  77.8179 0045988 259.3771 100.2184 14.28604303664297
FORMOSAT-3 FM5          
1 29049U 06011C   18342.94281474  .00000105  00000-0  57772-4 0  9997
2 29049  72.0207 245.8179 0036981 289.0306  70.6825 14.28684659660110
FORMOSAT-3 FM3          
1 29050U 06011D   18342.75043259  .00000209  00000-0  54404-4 0  9999
2 29050  72.0166  89.1208 0052091 257.1775 102.3554 14.58742255675246
FORMOSAT-3 FM4          
1 29051U 06011E   18342.88397185  .00000056  00000-0  37632-4 0  9998
2 29051  72.0039 149.0376 0067959 168.8094 191.4573 14.28710839662694
FORMOSAT-3 FM2          
1 29052U 06011F   18342.92220636  .00000073  00000-0  44905-4 0  9990
2 29052  72.0343 221.5074 0042116 251.9104 107.7443 14.28810341660208
GOES 13                 
1 29155U 06018A   18342.95147138 -.00000280  00000-0  00000+0 0  9993
2 29155   0.2312 103.6580 0007444 312.2364 304.1881  1.00263488 45977
METOP-A                 
1 29499U 06044A   18342.93774306  .00000006  00000-0  22235-4 0  9998
2 29499  98.6043  36.2841 0001903  80.1754 273.8657 14.21536618629638
FENGYUN 2D              
1 29640U 06053A   18342.66239223 -.00000361  00000-0  10000-3 0  9991
2 29640   5.4343  61.7793 0005828 317.3825  60.4918  1.00275912 44011
FENGYUN 3A              
1 32958U 08026A   18343.42620380  .00000017  00000-0  27467-4 0  9995
2 32958  98.3792 348.9990 0010244 144.3718 215.8152 14.19724541545981
FENGYUN 2E              
1 33463U 08066A   18342.94224547 -.00000205  00000-0  00000-0 0  9992
2 33463   3.2173  69.2018 0005428 250.7488 184.0479  1.00270968 36540
NOAA 19                 
1 33591U 09005A   18343.55317021  .00000022  00000-0  37182-4 0  9997
2 33591  99.1625 325.2362 0013691 191.0298 169.0574 14.12322258506922
GOES 14                 
1 35491U 09033A   18343.07292006 -.00000091  00000-0  00000+0 0  9992
2 35491   0.1666 279.7287 0011400 313.5363 126.6418  1.00271722 34619
METEOR-M 1              
1 35865U 09049A   18343.09416422  .00000012  00000-0  24156-4 0  9991
2 35865  98.4070 345.0594 0002860  36.6067 323.5307 14.22175419478841
GOES 15                 
1 36411U 10008A   18343.14086555  .00000060  00000-0  00000+0 0  9992
2 36411   0.1961 277.5530 0005316 300.2179 142.2038  1.00269601 32134
COMS 1                  
1 36744U 10032A   18343.09322576 -.00000341  00000-0  00000+0 0  9991
2 36744   0.0177   5.6661 0000519 314.9415 278.8923  1.00268257 31102
FENGYUN 3B              
1 37214U 10059A   18343.43053945  .00000006  00000-0  26190-4 0  9992
2 37214  98.9730 308.8176 0017960  45.4818 314.7821 14.15901362418990
SUOMI NPP               
1 37849U 11061A   18342.85750410 -.00000003  00000-0  19210-4 0  9999
2 37849  98.7173 278.8237 0001567  75.5991 350.1870 14.19550927368655
FENGYUN 2F              
1 38049U 12002A   18343.21234799 -.00000355  00000-0  00000+0 0  9998
2 38049   0.8309  78.3955 0001003 309.4693 239.0624  1.00274831 25347
METEOSAT-10 (MSG-3)     
1 38552U 12035B   18342.75791489  .00000068  00000-0  00000+0 0  9995
2 38552   0.9997   1.8210 0001423 306.2150  51.9627  1.00281858 23679
METOP-B                 
1 38771U 12049A   18342.93795316  .00000013  00000-0  26180-4 0  9998
2 38771  98.7326  39.6697 0001835 125.0479 356.6757 14.21475747322961
FENGYUN 3C              
1 39260U 13052A   18342.90079522 -.00000009  00000-0  17125-4 0  9993
2 39260  98.6331  43.0588 0011461  20.3056 339.8564 14.15856398269868
METEOR-M 2              
1 40069U 14037A   18343.43228500 -.00000024  00000-0  84772-5 0  9997
2 40069  98.5806  29.6701 0006888  92.7365 267.4598 14.20656553229263
HIMAWARI-8              
1 40267U 14060A   18342.39513474 -.00000273  00000-0  00000-0 0  9997
2 40267   0.0161  22.3661 0001121 229.5891 108.0446  1.00273995 15218
FENGYUN 2G              
1 40367U 14090A   18343.51891706 -.00000294  00000-0  00000+0 0  9995
2 40367   0.8071 106.7288 0003611 251.6723   5.8269  1.00261870 14502
METEOSAT-11 (MSG-4)     
1 40732U 15034A   18342.44385243 -.00000000  00000-0  00000+0 0  9990
2 40732   1.0635 235.1058 0001263  75.2347 286.2221  1.00274057 12492
ELEKTRO-L 2             
1 41105U 15074A   18342.93997733 -.00000093  00000-0  00000-0 0  9999
2 41105   0.0671  59.0866 0000867 211.2580 221.6555  1.00270308 10975
HIMAWARI-9              
1 41836U 16064A   18342.39476742 -.00000272  00000-0  00000+0 0  9990
2 41836   0.0524 114.5719 0000449 159.1429  86.2920  1.00271629  7755
GOES 16                 
1 41866U 16071A   18342.99294705 -.00000245  00000-0  00000+0 0  9994
2 41866   0.0645 131.6271 0000126 152.5373  75.8459  1.00273336  7569
FENGYUN 4A              
1 41882U 16077A   18342.94564767 -.00000325  00000-0  00000-0 0  9991
2 41882   0.0769 291.4271 0003236 168.5757  62.5148  1.00263802  7438
CYGFM05                 
1 41884U 16078A   18342.89929175  .00000359  00000-0  20952-4 0  9994
2 41884  34.9566 276.1622 0015444 118.8035 241.4229 15.14265243109681
CYGFM04                 
1 41885U 16078B   18342.92471884  .00000339  00000-0  19559-4 0  9997
2 41885  34.9498 272.1915 0013802 124.5897 235.6118 15.14770016109729
CYGFM02                 
1 41886U 16078C   18342.91775348  .00000334  00000-0  19319-4 0  9998
2 41886  34.9589 273.5846 0014556 121.9251 238.2877 15.14769007109719
CYGFM01                 
1 41887U 16078D   18342.93222203  .00000317  00000-0  18762-4 0  9990
2 41887  34.9533 276.2552 0015922 120.6308 239.5975 15.14085561109685
CYGFM08                 
1 41888U 16078E   18343.20681595  .00000339  00000-0  19737-4 0  9992
2 41888  34.9503 272.6423 0015110 126.4636 233.7469 15.14489873109731
CYGFM06                 
1 41889U 16078F   18342.89353502  .00000359  00000-0  20631-4 0  9998
2 41889  34.9584 272.4015 0013486 121.8650 238.3376 15.14759091109713
CYGFM07                 
1 41890U 16078G   18343.13568741  .00000349  00000-0  20113-4 0  9995
2 41890  34.9522 270.2518 0013274 126.2529 233.9411 15.14761920109759
CYGFM03                 
1 41891U 16078H   18342.93284283  .00000337  00000-0  19470-4 0  9990
2 41891  34.9554 271.6135 0012734 123.7879 236.4046 15.14762812109725
FENGYUN 3D              
1 43010U 17072A   18343.52543274 -.00000024  00000-0  91409-5 0  9991
2 43010  98.6934 280.9950 0000702 206.9256 153.1877 14.19709923 55312
NOAA 20                 
1 43013U 17073A   18343.58408381  .00000004  00000-0  22504-4 0  9996
2 43013  98.7431 279.4332 0001450  88.6087 271.5256 14.19553941 54797
GOES-S                  
1 43226U 18022A   18343.16487204  .00000101  00000-0  00000+0 0  9992
2 43226   0.0576 110.2620 0002890 265.0214 344.7371  1.00272557  2895
METOP-C                 
1 43689U 18087A   18342.74994444 -.00000044  00000-0  00000+0 0  9995
2 43689  98.7335  39.7606 0002711 139.0098 221.1283 14.21484560  4502
